density pressure rhoadv_0 temp theta x_velocity y_velocity z_velocity arc_length Points:0 Points:1 Points:2
1.0008 81192 0 282.66 300 0.47884 0 0.0011602 0.0 0.1 0.5 0.0
1.0008 81192 0 282.66 300 0.65563 0 0.0033077 0.015873 0.1 0.5 0.015873
1.0008 81193 0 282.66 300 0.71051 0 0.0050001 0.031746 0.1 0.5 0.031746
1.0008 81193 0 282.66 300 0.7466 0 0.0060826 0.047619 0.1 0.5 0.047619
1.0009 81194 0 282.66 300 0.77454 0 0.0065561 0.063492 0.1 0.5 0.063492
1.0009 81194 0 282.66 300 0.7975 0 0.0065984 0.079365 0.1 0.5 0.079365
1.0009 81195 0 282.67 300 0.817 0 0.0065104 0.095238 0.1 0.5 0.095238
1.0009 81196 0 282.67 300 0.83398 0 0.0065931 0.11111 0.1 0.5 0.11111
1.0009 81196 0 282.67 300 0.84905 0 0.0070014 0.12698 0.1 0.5 0.12698
1.0009 81196 0 282.67 300 0.86261 0 0.0076587 0.14286 0.1 0.5 0.14286
1.0009 81196 0 282.67 300 0.87494 0 0.0083044 0.15873 0.1 0.5 0.15873
1.0009 81196 0 282.67 300 0.88623 0 0.008671 0.1746 0.1 0.5 0.1746
1.0009 81197 0 282.67 300 0.89666 0 0.0086791 0.19048 0.1 0.5 0.19048
1.0009 81197 0 282.67 300 0.90635 0 0.0084962 0.20635 0.1 0.5 0.20635
1.0009 81197 0 282.67 300 0.91543 0 0.0083951 0.22222 0.1 0.5 0.22222
1.0009 81198 0 282.67 300 0.92397 0 0.0085179 0.2381 0.1 0.5 0.2381
1.0009 81198 0 282.67 300 0.93206 0 0.0087613 0.25397 0.1 0.5 0.25397
1.0009 81198 0 282.67 300 0.93971 0 0.0089011 0.26984 0.1 0.5 0.26984
1.0009 81198 0 282.67 300 0.94699 0 0.0088319 0.28571 0.1 0.5 0.28571
1.0009 81198 0 282.67 300 0.95392 0 0.0086672 0.30159 0.1 0.5 0.30159
1.0009 81199 0 282.67 300 0.96056 0 0.0085889 0.31746 0.1 0.5 0.31746
1.0009 81199 0 282.67 300 0.96694 0 0.0086307 0.33333 0.1 0.5 0.33333
1.0009 81199 0 282.67 300 0.97307 0 0.0086601 0.34921 0.1 0.5 0.34921
1.0009 81199 0 282.67 300 0.97896 0 0.0085694 0.36508 0.1 0.5 0.36508
1.0009 81199 0 282.67 300 0.98462 0 0.0084122 0.38095 0.1 0.5 0.38095
1.0009 81200 0 282.67 300 0.9901 0 0.0083067 0.39683 0.1 0.5 0.39683
1.0009 81200 0 282.67 300 0.9954 0 0.0082618 0.4127 0.1 0.5 0.4127
1.0009 81200 0 282.67 300 1.0005 0 0.0081845 0.42857 0.1 0.5 0.42857
1.0009 81200 0 282.67 300 1.0056 0 0.0080357 0.44444 0.1 0.5 0.44444
1.0009 81200 0 282.67 300 1.0104 0 0.0078807 0.46032 0.1 0.5 0.46032
1.0009 81200 0 282.67 300 1.0152 0 0.0077674 0.47619 0.1 0.5 0.47619
1.0009 81201 0 282.67 300 1.0197 0 0.0076534 0.49206 0.1 0.5 0.49206
1.0009 81201 0 282.67 300 1.0242 0 0.0074941 0.50794 0.1 0.5 0.50794
1.0009 81201 0 282.67 300 1.0286 0 0.0073193 0.52381 0.1 0.5 0.52381
1.0009 81201 0 282.67 300 1.0328 0 0.0071667 0.53968 0.1 0.5 0.53968
1.0009 81201 0 282.67 300 1.037 0 0.0070136 0.55556 0.1 0.5 0.55556
1.0009 81201 0 282.67 300 1.041 0 0.006831 0.57143 0.1 0.5 0.57143
1.0009 81201 0 282.67 300 1.0449 0 0.0066391 0.5873 0.1 0.5 0.5873
1.0009 81202 0 282.67 300 1.0488 0 0.0064585 0.60317 0.1 0.5 0.60317
1.0009 81202 0 282.67 300 1.0525 0 0.0062701 0.61905 0.1 0.5 0.61905
1.0009 81202 0 282.67 300 1.0561 0 0.006062 0.63492 0.1 0.5 0.63492
1.0009 81202 0 282.67 300 1.0595 0 0.0058522 0.65079 0.1 0.5 0.65079
1.0009 81202 0 282.67 300 1.0629 0 0.0056455 0.66667 0.1 0.5 0.66667
1.0009 81202 0 282.67 300 1.0661 0 0.0054266 0.68254 0.1 0.5 0.68254
1.0009 81202 0 282.67 300 1.0693 0 0.0051976 0.69841 0.1 0.5 0.69841
1.0009 81202 0 282.67 300 1.0723 0 0.0049701 0.71429 0.1 0.5 0.71429
1.0009 81202 0 282.67 300 1.0751 0 0.0047376 0.73016 0.1 0.5 0.73016
1.0009 81202 0 282.67 300 1.0779 0 0.0044945 0.74603 0.1 0.5 0.74603
1.0009 81203 0 282.67 300 1.0805 0 0.0042491 0.7619 0.1 0.5 0.7619
1.0009 81203 0 282.67 300 1.083 0 0.0040016 0.77778 0.1 0.5 0.77778
1.0009 81203 0 282.67 300 1.0853 0 0.0037459 0.79365 0.1 0.5 0.79365
1.0009 81203 0 282.67 300 1.0875 0 0.0034861 0.80952 0.1 0.5 0.80952
1.0009 81203 0 282.67 300 1.0895 0 0.0032247 0.8254 0.1 0.5 0.8254
1.0009 81203 0 282.67 300 1.0914 0 0.0029577 0.84127 0.1 0.5 0.84127
1.0009 81203 0 282.67 300 1.0931 0 0.0026864 0.85714 0.1 0.5 0.85714
1.0009 81203 0 282.67 300 1.0947 0 0.0024139 0.87302 0.1 0.5 0.87302
1.0009 81203 0 282.67 300 1.0961 0 0.0021373 0.88889 0.1 0.5 0.88889
1.0009 81203 0 282.67 300 1.0974 0 0.0018572 0.90476 0.1 0.5 0.90476
1.0009 81203 0 282.67 300 1.0984 0 0.0015764 0.92063 0.1 0.5 0.92063
1.0009 81203 0 282.67 300 1.0993 0 0.0012926 0.93651 0.1 0.5 0.93651
1.0009 81203 0 282.67 300 1.1001 0 0.0010065 0.95238 0.1 0.5 0.95238
1.0009 81203 0 282.67 300 1.1006 0 0.00072052 0.96825 0.1 0.5 0.96825
1.0009 81203 0 282.67 300 1.101 0 0.00043258 0.98413 0.1 0.5 0.98413
1.0009 81203 0 282.67 300 1.1012 0 0.00014385 1.0 0.1 0.5 1.0
