35.01073675528       0.015625 0.0496107 0.000613132 -0.00457173 0.0201853 -0.000132628 0.00142684 1.30562e-13 1.23191e-14 -3.16695e-16 1.45519e-11 -0.682095 -0.00246637 0.00859266 0.00178348 -0.00138019 -0.00131459 0 0 0
35.01073675528       0.046875 0.219722 -0.00135222 -0.0291421 0.0564673 -0.000375807 0.00949611 4.44089e-13 1.70836e-14 1.55952e-15 0 -7.55909 -0.036571 0.12395 0.0195589 -0.00426266 -0.00241193 0 0 0
35.01073675528       0.078125 0.169474 -0.000192752 -0.0307752 0.0809145 -7.92174e-05 0.0218535 -5.04485e-13 -2.26485e-14 4.3663e-15 0 -11.9656 -0.240613 0.184537 0.0175609 0.00840458 -0.00226167 0 0 0
35.01073675528       0.109375 0.129265 -0.00211779 -0.0322419 0.0734788 0.000951347 0.032643 2.23821e-13 -2.60902e-15 5.11743e-16 0 -15.4048 -0.320719 0.237574 0.00826066 0.0164429 -0.00354657 0 0 0
35.01073675528       0.140625 0.112323 -0.00517835 -0.0342108 0.0597128 0.000583885 0.0407897 8.45546e-13 6.93889e-15 -5.81306e-15 0 -17.3527 -0.203906 0.278744 0.00626299 0.0175988 -0.00475283 0 0 0
35.01073675528       0.171875 0.108206 -0.000473034 -0.0368255 0.0559842 -0.00246746 0.0457867 1.01785e-12 -7.87564e-15 -1.59248e-15 0 -18.6117 -0.093107 0.3123 0.0112847 0.0161316 -0.00444451 0 0 0
35.01073675528       0.203125 0.106891 -0.000254807 -0.0385838 0.0572455 -0.00491957 0.046741 6.59028e-13 -1.30156e-14 3.28904e-15 0 -19.848 -0.0013167 0.331994 0.01432 0.00882795 -0.00272771 0 0 0
35.01073675528       0.234375 0.0985632 -0.00408544 -0.0375286 0.0570044 -0.00531663 0.0455194 9.13047e-13 -1.06026e-14 -1.00267e-15 0 -21.1815 0.171263 0.331964 0.0140921 -0.00160747 -0.000388914 0 0 0
35.01073675528       0.265625 0.0931143 -0.000650969 -0.0354441 0.0596952 -0.00592894 0.0425863 -3.53495e-13 -1.1019e-14 9.20878e-15 -1.45519e-11 -22.8557 0.409474 0.320782 0.012913 -0.00889286 0.00166864 0 0 0
35.01073675528       0.296875 0.0872833 0.00523519 -0.0331291 0.0597463 -0.00549518 0.0394674 7.24754e-13 2.40918e-14 6.56506e-15 0 -24.5581 0.683021 0.305732 0.010875 -0.0109789 0.0034895 0 0 0
35.01073675528       0.328125 0.0775267 0.00901913 -0.0305452 0.0528405 -0.00441953 0.037823 -5.40012e-13 -2.2482e-14 2.79117e-15 0 -26.062 0.891668 0.292101 0.00784078 -0.00890639 0.00489226 0 0 0
35.01073675528       0.359375 0.0718234 0.00727417 -0.0287275 0.0454288 -0.00317502 0.0364972 3.01981e-13 3.88578e-15 8.35269e-16 0 -27.3479 0.960763 0.283463 0.00548753 -0.00689641 0.00553631 0 0 0
35.01073675528       0.390625 0.0668751 0.00366623 -0.0265482 0.0444112 -0.00159467 0.0345134 4.65405e-13 -1.88183e-14 2.94036e-16 0 -28.421 0.852369 0.270405 0.00450504 -0.00646955 0.00536391 0 0 0
35.01073675528       0.421875 0.0647684 -0.0021301 -0.0247671 0.0437224 0.00172435 0.0331687 -3.41061e-13 2.41474e-15 -2.00708e-15 0 -29.3271 0.544292 0.260297 0.00250694 -0.00490579 0.00467991 0 0 0
35.01073675528       0.453125 0.0624431 -0.00818571 -0.0223761 0.0403352 0.0041588 0.0322004 5.82645e-13 -2.81025e-15 1.38578e-14 -1.45519e-11 -30.2784 0.155774 0.246104 -0.00178059 -0.00176888 0.00405456 0 0 0
35.01073675528       0.484375 0.063536 -0.0122436 -0.0209181 0.0372459 0.00549386 0.030311 -1.13687e-13 2.43139e-14 -2.12937e-15 1.45519e-11 -31.6936 -0.118239 0.234667 -0.00531585 0.00217865 0.00366372 0 0 0
35.01073675528       0.515625 0.0641107 -0.0132034 -0.0199344 0.0358966 0.0059943 0.0277913 4.29878e-13 8.71525e-15 -1.71217e-15 2.91038e-11 -33.0443 -0.337082 0.223242 -0.00578605 0.00419501 0.00350715 0 0 0
35.01073675528       0.546875 0.0602358 -0.0132418 -0.0186865 0.03484 0.00568995 0.0257262 -1.35003e-13 1.72917e-14 -8.37091e-15 1.45519e-11 -34.1824 -0.488885 0.210367 -0.00413747 0.00482424 0.00339245 0 0 0
35.01073675528       0.578125 0.0538078 -0.0119787 -0.0178547 0.0306182 0.0051377 0.0242723 6.82121e-13 1.88738e-14 1.43548e-15 0 -35.3502 -0.503078 0.201421 -0.00214732 0.00560682 0.003031 0 0 0
35.01073675528       0.609375 0.0470035 -0.00943755 -0.0170303 0.0277799 0.00468256 0.0228541 4.08562e-13 -5.55112e-16 -4.00548e-15 0 -36.5274 -0.377181 0.192153 -0.00025044 0.00689145 0.0024162 0 0 0
35.01073675528       0.640625 0.0417289 -0.00883858 -0.0160259 0.0270947 0.00436857 0.0212316 1.38556e-13 -1.09218e-14 6.0685e-15 0 -37.6899 -0.175546 0.180843 0.00058099 0.00773683 0.00173104 0 0 0
35.01073675528       0.671875 0.0384649 -0.00942316 -0.0146053 0.025704 0.0038852 0.0195075 1.18305e-12 2.09555e-15 2.5752e-15 0 -38.9411 0.0232313 0.166417 0.000656419 0.0071133 0.00108497 0 0 0
35.01073675528       0.703125 0.0342839 -0.00910941 -0.0127954 0.0235668 0.00328566 0.0177541 -8.17124e-14 6.53644e-15 2.17361e-15 0 -40.1295 0.1898 0.149107 0.000792688 0.00534859 0.000411209 0 0 0
35.01073675528       0.734375 0.0274916 -0.00788229 -0.0107409 0.0216023 0.00301342 0.0157763 5.80869e-13 -1.70697e-15 -7.51135e-16 2.91038e-11 -41.097 0.228658 0.12918 0.00071025 0.00328834 -0.000318874 0 0 0
35.01073675528       0.765625 0.0209716 -0.00612915 -0.00833709 0.0190271 0.00277306 0.0137055 1.91847e-13 6.03337e-15 -4.64385e-15 2.91038e-11 -41.9092 0.118133 0.106119 0.000181055 0.00091112 -0.000977272 0 0 0
35.01073675528       0.796875 0.0177227 -0.00400307 -0.00620382 0.0165144 0.00194587 0.0117294 -9.59233e-14 7.5287e-16 -8.14886e-15 0 -42.6783 -0.0392234 0.0844774 -0.000413081 -0.00106091 -0.00141742 0 0 0
35.01073675528       0.828125 0.0157694 -0.00274508 -0.00453418 0.0144034 0.000915464 0.0099106 2.52243e-13 -1.26288e-15 4.72972e-15 2.91038e-11 -43.3934 -0.205956 0.0662629 -0.00091955 -0.00224222 -0.00159336 0 0 0
35.01073675528       0.859375 0.0138334 -0.00210584 -0.00328916 0.0142376 0.000426378 0.00801301 9.02389e-13 2.10942e-15 -3.17107e-15 2.91038e-11 -44.0149 -0.374608 0.0509262 -0.000790087 -0.00397568 -0.00151295 0 0 0
35.01073675528       0.890625 0.0121476 -0.00139174 -0.0022509 0.0147646 0.000290106 0.00593065 -4.88498e-13 3.33622e-14 -4.67595e-15 1.45519e-11 -44.6028 -0.478491 0.0364117 0.0014383 -0.00736811 -0.00122156 0 0 0
35.01073675528       0.921875 0.0109649 -0.000146948 -0.00134068 0.0156818 0.000117017 0.00385465 2.55795e-13 7.93809e-15 1.52742e-15 0 -45.3481 -0.479897 0.022787 0.00477612 -0.0114072 -0.000836294 0 0 0
35.01073675528       0.953125 0.0111915 0.000998277 -0.000792296 0.0167172 4.05709e-05 0.00186634 4.36984e-13 -1.15463e-14 1.21647e-15 0 -46.2531 -0.392772 0.0120148 0.00687889 -0.0156241 -0.00050457 0 0 0
35.01073675528       0.984375 0.0121181 0.000980398 -0.000161135 0.0191681 7.6202e-05 0.000268883 1.49214e-12 -1.317e-14 1.76031e-15 0 -47.3431 -0.338225 0.00201142 0.00647079 -0.0169777 -0.000183937 0 0 0
37.51111358502       0.015625 0.0603618 -0.00284589 -0.0048906 0.0215199 9.79482e-05 0.001449 -2.30482e-13 5.66214e-15 -4.52112e-17 0 -0.672923 0.00387895 0.00893526 0.0110062 -0.00472613 -0.00111209 0 0 0
37.51111358502       0.046875 0.215509 -0.0112373 -0.0252591 0.0656559 0.000602905 0.0096287 -1.04805e-13 7.30319e-15 -9.92262e-16 0 -7.21429 0.0543375 0.108081 0.00784732 -0.00733928 -0.00255811 0 0 0
37.51111358502       0.078125 0.180074 -0.0133537 -0.0267361 0.0797334 0.0021942 0.0204274 -2.4869e-13 -1.04777e-14 -1.77809e-15 0 -11.6334 0.117845 0.1604 -0.00693911 -0.0109857 -0.00316585 0 0 0
37.51111358502       0.109375 0.146455 -0.0221928 -0.0261999 0.0833516 0.00490199 0.0266458 5.82645e-13 -1.10606e-14 -3.8294e-15 1.45519e-11 -15.0684 0.27155 0.189435 -0.00175213 -0.0124882 -0.0031532 0 0 0
37.51111358502       0.140625 0.133711 -0.0238547 -0.0271532 0.079345 0.00629653 0.0299426 5.87974e-13 -3.66374e-15 -7.53824e-15 2.91038e-11 -17.7524 0.396467 0.214325 0.00329568 -0.00790694 -0.00204092 0 0 0
37.51111358502       0.171875 0.116011 -0.0137088 -0.0275427 0.0724735 0.00430306 0.0310893 -1.66978e-13 -4.07174e-14 -1.35881e-14 0 -19.4406 0.437222 0.226644 -0.0038069 -0.00538586 -0.00051131 0 0 0
37.51111358502       0.203125 0.103479 -0.00347457 -0.0267836 0.0640535 0.00220576 0.0313925 6.92779e-13 -8.99281e-15 -1.45127e-14 0 -20.9525 0.458424 0.230427 -0.00685478 -0.00274958 0.0010847 0 0 0
37.51111358502       0.234375 0.100522 0.00507422 -0.0253031 0.058762 0.000645368 0.032003 3.94351e-13 -2.52576e-14 -1.67366e-14 0 -22.2075 0.440487 0.230354 -0.00779315 -0.0011237 0.00194118 0 0 0
37.51111358502       0.265625 0.0952854 0.0108434 -0.0236474 0.052603 -0.00117478 0.0333722 2.16716e-13 -2.09277e-14 -8.41341e-15 2.91038e-11 -23.2779 0.356715 0.229881 -0.00543662 0.000641792 0.00194524 0 0 0
37.51111358502       0.296875 0.088606 0.0107906 -0.0226972 0.0465952 -0.00286606 0.0356049 3.37508e-13 -3.88578e-15 -2.84495e-16 0 -24.3242 0.255238 0.23473 0.000508197 0.00198689 0.00178419 0 0 0
37.51111358502       0.328125 0.0811547 0.00507549 -0.0226371 0.0436196 -0.00414209 0.0371975 8.73968e-13 -7.60503e-15 4.78784e-16 0 -25.2018 0.216873 0.242106 0.00237312 0.000990464 0.00147806 0 0 0
37.51111358502       0.359375 0.0716278 -0.00212628 -0.0229844 0.0430547 -0.00429095 0.0371546 -6.96332e-13 -2.24681e-14 -5.98827e-15 1.45519e-11 -26.1251 0.162795 0.247838 0.00352784 -0.000727404 0.00105816 0 0 0
37.51111358502       0.390625 0.0600593 -0.00548535 -0.0230226 0.0444948 -0.00349098 0.0357094 -6.85674e-13 7.32747e-15 7.77156e-15 1.45519e-11 -27.2025 0.0329572 0.248594 0.00307839 -0.00259553 0.00108318 0 0 0
37.51111358502       0.421875 0.0555567 -0.00465923 -0.0230435 0.0448039 -0.00157737 0.0330124 -1.10134e-13 -1.13937e-14 -2.28983e-15 0 -28.5252 -0.114042 0.245348 0.00195336 -0.00386794 0.00146692 0 0 0
37.51111358502       0.453125 0.0545382 -0.00419857 -0.0227152 0.0423142 0.000970416 0.0300397 9.00613e-13 5.38458e-15 4.57273e-15 0 -29.7831 -0.182066 0.237622 0.00154063 -0.00399441 0.00205856 0 0 0
37.51111358502       0.484375 0.0514799 -0.00569489 -0.0212997 0.0356648 0.00231659 0.0279628 1.30917e-12 -3.13638e-15 1.93526e-14 0 -30.9787 -0.146671 0.225144 0.000918474 -0.00242974 0.0025983 0 0 0
37.51111358502       0.515625 0.0449514 -0.00668927 -0.0183176 0.0291959 0.00218591 0.0267034 -5.06262e-13 -3.407e-15 -1.11022e-14 0 -32.4699 -0.0402477 0.205405 -0.000274319 -0.000754712 0.00295931 0 0 0
37.51111358502       0.546875 0.0370013 -0.00643212 -0.0152493 0.026474 0.00153172 0.0251489 1.19016e-13 7.72993e-15 -4.41314e-15 0 -34.3174 0.0822992 0.183676 -0.0010792 -2.94405e-05 0.00326885 0 0 0
37.51111358502       0.578125 0.0307277 -0.00726806 -0.012867 0.0272811 0.00149717 0.0226779 5.61329e-13 5.22499e-15 2.72005e-15 0 -36.1899 0.178261 0.162747 0.000257156 0.000338583 0.00369853 0 0 0
37.51111358502       0.609375 0.0278629 -0.00762237 -0.0116995 0.026376 0.00232183 0.0200204 2.41585e-13 -9.72486e-15 1.4537e-15 0 -37.7137 0.132432 0.148179 0.0028461 0.000948234 0.00410204 0 0 0
37.51111358502       0.640625 0.0276494 -0.00561798 -0.0112164 0.0230576 0.002987 0.0180683 -4.40536e-13 -3.44169e-15 8.04912e-15 0 -38.7854 -0.0920165 0.139294 0.0050748 0.00159353 0.00401925 0 0 0
37.51111358502       0.671875 0.0277425 -0.00453596 -0.0105496 0.0211426 0.00248641 0.017241 4.44089e-13 7.41074e-15 4.90927e-15 1.45519e-11 -39.8527 -0.315625 0.132382 0.00619169 0.00164365 0.00331386 0 0 0
37.51111358502       0.703125 0.0259809 -0.0027564 -0.0102084 0.0193826 0.00145864 0.017312 1.70175e-12 -1.63758e-15 4.86937e-15 1.45519e-11 -40.9624 -0.395422 0.130663 0.00496661 0.00187728 0.00239181 0 0 0
37.51111358502       0.734375 0.0258248 -0.000776261 -0.0100857 0.0169324 0.000594046 0.0174045 1.1724e-13 5.32907e-15 -1.83013e-15 1.45519e-11 -41.825 -0.392391 0.130181 0.00378636 0.00427653 0.00173581 0 0 0
37.51111358502       0.765625 0.026426 -0.000130834 -0.00983075 0.0159987 -0.000150133 0.0166837 7.81597e-13 -2.02893e-14 3.03924e-15 1.45519e-11 -42.4623 -0.37379 0.125737 0.00363804 0.00757579 0.00148751 0 0 0
37.51111358502       0.796875 0.0265743 -0.00029996 -0.0094648 0.0169212 -0.000732508 0.0150095 1.18305e-12 1.08663e-14 3.17628e-15 0 -42.975 -0.36491 0.117325 0.00363345 0.0100155 0.00159336 0 0 0
37.51111358502       0.828125 0.0254795 -0.00102957 -0.00883073 0.018283 -0.000920885 0.0127626 4.63629e-13 -1.37113e-14 4.6161e-15 0 -43.4692 -0.348504 0.105233 0.00365996 0.011483 0.00190894 0 0 0
37.51111358502       0.859375 0.0229799 -0.00127362 -0.00762498 0.0189305 -0.00084609 0.0102903 1.93623e-13 1.22541e-14 3.8719e-15 0 -44.1244 -0.323377 0.0885476 0.00323297 0.0127981 0.00217829 0 0 0
37.51111358502       0.890625 0.0196336 -0.000633282 -0.00593367 0.0180931 -0.000691237 0.00768186 4.95604e-13 1.48076e-14 -1.01308e-15 1.45519e-11 -44.9276 -0.309206 0.068042 0.00296295 0.014306 0.00224168 0 0 0
37.51111358502       0.921875 0.0163701 0.000413702 -0.00403561 0.0162397 -0.000473915 0.00497604 2.36255e-13 -1.14908e-14 -2.84581e-15 0 -45.7037 -0.308984 0.0456625 0.00443971 0.0160895 0.00209683 0 0 0
37.51111358502       0.953125 0.0138353 0.00148463 -0.0022273 0.0150325 -0.000159803 0.00235213 -3.67706e-13 -4.32987e-15 1.26353e-15 0 -46.5664 -0.325974 0.0239925 0.00879509 0.0189157 0.00167018 0 0 0
37.51111358502       0.984375 0.0123604 0.00176395 -0.000437746 0.016631 9.48675e-06 0.000327806 9.61009e-13 1.7833e-14 7.33002e-16 0 -48.1538 -0.414001 0.00423416 0.0145753 0.0208921 0.000682318 0 0 0
 40.0116650642       0.015625 0.0523797 0.000132666 -0.00538207 0.0228233 5.68168e-06 0.00166565 1.9007e-13 -1.73125e-15 -1.70035e-15 0 -0.643892 -0.00431817 0.00983861 0.0015359 -0.00371376 -0.000421009 0 0 0
 40.0116650642       0.046875 0.202089 0.00181398 -0.0271697 0.0575662 -0.000953875 0.0107783 4.47642e-13 -1.86656e-15 -2.51578e-15 0 -6.62298 -0.0395332 0.113497 0.00774647 -0.0033298 8.50531e-05 0 0 0
 40.0116650642       0.078125 0.158412 0.00213309 -0.0255881 0.0662717 -0.000403983 0.0244057 -9.9476e-14 -3.60822e-16 -1.7792e-14 1.45519e-11 -10.9467 0.0680948 0.158913 0.0090396 -0.00438293 0.000821733 0 0 0
 40.0116650642       0.109375 0.142242 0.00179692 -0.027569 0.062076 0.00074152 0.0341453 5.11591e-13 -3.88578e-16 -4.27176e-17 2.91038e-11 -14.6252 0.16791 0.20669 -0.00506478 -0.00996199 0.000453022 0 0 0
 40.0116650642       0.140625 0.137034 0.00189219 -0.0308085 0.0592971 0.00137192 0.0386467 1.00364e-12 -6.92502e-15 -1.68528e-15 1.45519e-11 -16.693 0.188451 0.243322 -0.0156117 -0.0117875 0.00164956 0 0 0
 40.0116650642       0.171875 0.12541 0.00337363 -0.030657 0.0591438 0.00167097 0.0389332 1.84741e-13 3.58047e-15 1.13659e-14 0 -18.0443 0.154752 0.251725 -0.0181982 -0.0110316 0.00449667 0 0 0
 40.0116650642       0.203125 0.0918536 0.00324923 -0.0269265 0.051729 0.00181779 0.0367391 7.22977e-13 -1.3517e-14 1.0443e-14 0 -19.5023 0.147872 0.234892 -0.0146013 -0.00763518 0.00732379 0 0 0
 40.0116650642       0.234375 0.0783767 0.00428203 -0.0247065 0.0442181 0.00256701 0.0336544 -2.52243e-13 -6.93889e-17 7.9433e-15 0 -21.2046 0.196873 0.221351 -0.0080737 -0.00107078 0.00899172 0 0 0
 40.0116650642       0.265625 0.0713603 0.00343299 -0.024227 0.0403697 0.00318241 0.0321612 -2.66454e-14 5.9952e-15 -8.56953e-16 0 -22.7972 0.220472 0.220181 -0.00209939 0.00867734 0.00974421 0 0 0
 40.0116650642       0.296875 0.0690061 0.00220199 -0.0244003 0.0377551 0.00344086 0.0323019 2.8777e-13 2.03726e-14 2.93862e-15 0 -24.4286 0.174635 0.227083 0.00235732 0.0172049 0.0102459 0 0 0
 40.0116650642       0.328125 0.0679667 0.00218682 -0.0237456 0.0374393 0.0031582 0.032314 9.23706e-13 2.05322e-14 8.50015e-17 0 -25.8827 0.0857994 0.22861 0.00212028 0.0222658 0.0105953 0 0 0
 40.0116650642       0.359375 0.0624938 0.00308459 -0.0220615 0.0373933 0.00198654 0.0315736 -5.57776e-13 9.97466e-16 2.09771e-15 0 -27.153 -0.00726976 0.220893 -7.11056e-05 0.0240203 0.0103238 0 0 0
 40.0116650642       0.390625 0.0544832 0.00448334 -0.0198982 0.0377404 -9.23736e-05 0.0299451 8.72191e-13 -3.577e-15 -7.48533e-16 1.45519e-11 -28.4092 -0.0500914 0.206589 -0.0029969 0.0244474 0.00934898 0 0 0
 40.0116650642       0.421875 0.050652 0.00606496 -0.018303 0.0374273 -0.00219427 0.0279505 7.24754e-13 -1.70627e-14 6.20424e-15 0 -29.9253 -0.00420573 0.194296 -0.00452362 0.0238694 0.00810613 0 0 0
 40.0116650642       0.453125 0.0482883 0.00895734 -0.0170855 0.0347148 -0.00309404 0.0259356 2.84217e-13 -9.25648e-15 3.96211e-15 0 -31.6391 0.0295507 0.184729 -0.00193458 0.0207416 0.0068028 0 0 0
 40.0116650642       0.484375 0.0496777 0.0123077 -0.0164182 0.0334525 -0.0028028 0.0239684 -5.45342e-13 1.9762e-14 9.52363e-16 -1.45519e-11 -33.3293 -0.0270726 0.178813 0.00339451 0.0165584 0.00535279 0 0 0
 40.0116650642       0.515625 0.0545227 0.0136017 -0.0167169 0.0320134 -0.00241864 0.0226086 4.47642e-13 6.58848e-15 -6.09582e-15 0 -34.8739 -0.158925 0.180231 0.00824761 0.013671 0.00374522 0 0 0
 40.0116650642       0.546875 0.055825 0.0132066 -0.0169597 0.0321948 -0.00206088 0.0218843 8.81073e-13 -2.06155e-14 -9.42258e-15 0 -36.2181 -0.251389 0.182616 0.0112215 0.00986929 0.0022192 0 0 0
 40.0116650642       0.578125 0.0536344 0.00888074 -0.0162828 0.0302553 -0.00158235 0.0216925 5.86198e-13 2.49106e-15 -7.41464e-15 2.91038e-11 -37.5804 -0.208919 0.180211 0.0109556 0.00340347 0.000935543 0 0 0
 40.0116650642       0.609375 0.0467408 0.00365961 -0.0151569 0.0247977 -0.00138379 0.0221739 5.68434e-13 -9.19403e-16 -6.19123e-15 1.45519e-11 -39.0651 -0.0804578 0.176707 0.00784136 -0.00185782 -5.6418e-06 0 0 0
 40.0116650642       0.640625 0.0400618 0.000801195 -0.0141081 0.0194969 -0.00100249 0.0229637 -7.81597e-14 1.86483e-15 -9.54944e-15 0 -40.3555 0.0219238 0.174139 0.00316552 -0.0037777 -0.000483534 0 0 0
 40.0116650642       0.671875 0.0347361 0.00125458 -0.0131735 0.0167455 -0.000734443 0.0233569 -5.48894e-13 -2.98372e-15 -1.05713e-14 0 -41.2474 0.0474018 0.170435 -0.000702737 -0.003611 -0.000577199 0 0 0
 40.0116650642       0.703125 0.0307239 0.00277099 -0.0124377 0.0155706 -0.000664132 0.0228682 2.2915e-13 3.00107e-15 -1.37108e-14 0 -41.8781 0.000672647 0.164974 -0.00302202 -0.00349617 -0.000482459 0 0 0
 40.0116650642       0.734375 0.0275107 0.00334721 -0.0115529 0.0148432 -0.000642435 0.0215151 8.27782e-13 3.62557e-15 -1.46758e-14 2.91038e-11 -42.4679 -0.0837273 0.155595 -0.00438484 -0.00367172 -0.000324156 0 0 0
 40.0116650642       0.765625 0.025079 0.00237872 -0.0102559 0.0144369 -0.000628941 0.019621 8.70822e-13 1.85692e-16 -2.49953e-15 -3.41061e-11 -43.0689 -0.136476 0.141246 -0.00551612 -0.00310379 -0.000179281 0 0 0
 40.0116650642       0.796875 0.0234969 0.000473246 -0.00876984 0.0142782 -0.000539542 0.0174933 6.03961e-13 -3.40006e-15 -1.04448e-14 1.45519e-11 -43.5683 -0.154423 0.124221 -0.00657376 -0.00171884 -6.45775e-05 0 0 0
 40.0116650642       0.828125 0.0225601 -0.00087117 -0.00728558 0.014349 -0.000298042 0.0150795 -4.65405e-13 -9.30506e-15 -1.42004e-14 2.91038e-11 -43.8726 -0.179497 0.10567 -0.00783366 -0.000140797 1.63141e-05 0 0 0
 40.0116650642       0.859375 0.0218445 -0.00169219 -0.00579451 0.0144172 6.65695e-05 0.0121994 5.15143e-13 1.26288e-15 5.37764e-17 2.91038e-11 -44.193 -0.241117 0.0851508 -0.00956882 0.0014125 7.43478e-05 0 0 0
 40.0116650642       0.890625 0.0211215 -0.00247784 -0.00449695 0.014781 0.000437612 0.00897195 6.57252e-13 3.46945e-16 -1.71998e-15 2.91038e-11 -44.5803 -0.319453 0.0646066 -0.0108738 0.0033486 0.000132354 0 0 0
 40.0116650642       0.921875 0.0197401 -0.00383218 -0.00328636 0.0149705 0.00070727 0.00569991 -5.32907e-13 -1.37113e-14 -3.39399e-15 2.91038e-11 -44.8173 -0.369225 0.0442844 -0.0128495 0.00637624 0.000162645 0 0 0
 40.0116650642       0.953125 0.0191361 -0.00536272 -0.00212991 0.0160977 0.000464636 0.00263214 -2.16716e-13 1.13243e-14 -1.17267e-15 0 -45.0241 -0.369804 0.0249156 -0.0166564 0.0111341 0.000136174 0 0 0
 40.0116650642       0.984375 0.0209885 -0.00597484 -0.000700048 0.0193726 0.000133285 0.000361116 4.63629e-13 1.19627e-14 -1.64604e-15 -1.45519e-11 -46.0321 -0.365078 0.00644019 -0.020916 0.0138196 5.26635e-05 0 0 0
42.51229846946       0.015625 0.0678277 -0.00397833 -0.00618235 0.0264132 0.000107238 0.00181699 -1.33227e-15 -1.54043e-15 -6.16694e-16 0 -0.726085 0.0243713 0.011365 0.0161081 -0.00538171 -0.00110658 0 0 0
42.51229846946       0.046875 0.251316 -0.015712 -0.03311 0.0706956 0.000863782 0.0125617 -2.98428e-13 1.6348e-14 3.92525e-15 0 -7.70716 0.275767 0.141703 0.0212867 -0.0139446 -0.00185952 0 0 0
42.51229846946       0.078125 0.190422 -0.0125084 -0.034541 0.0917712 -4.49883e-05 0.0267272 -4.06397e-13 -1.60559e-14 4.23518e-15 -5.00222e-12 -12.0202 0.292944 0.205066 0.0333847 -0.00951439 -0.00172739 0 0 0
42.51229846946       0.109375 0.163666 -0.00444595 -0.0358266 0.0891164 0.00149846 0.03564 2.36255e-13 1.62509e-14 -2.5327e-15 0 -15.0268 0.166072 0.248966 0.0327847 0.00134613 -0.00230475 0 0 0
42.51229846946       0.140625 0.143481 -0.000815683 -0.0365423 0.0808238 0.00302003 0.0414695 3.37508e-13 8.70137e-15 4.09395e-16 2.91038e-11 -17.1821 0.0302335 0.278982 0.0176142 0.00669163 -0.00235943 0 0 0
42.51229846946       0.171875 0.13024 -0.000206339 -0.0367044 0.0688301 0.00391547 0.0461018 6.21725e-13 -4.10089e-15 -1.51337e-14 0 -19.3022 -0.0459437 0.30355 0.0040044 0.00764382 -0.00170903 0 0 0
42.51229846946       0.203125 0.117939 -0.00208 -0.0359068 0.0571729 0.00458396 0.0492265 2.94875e-13 1.83187e-15 8.91995e-15 1.45519e-11 -21.0299 -0.086497 0.316234 0.00150535 0.00453525 -0.00150204 0 0 0
42.51229846946       0.234375 0.107245 -0.00372297 -0.0358141 0.0538508 0.00333688 0.050033 2.13163e-13 1.1241e-15 1.48839e-15 0 -22.2017 -0.0443969 0.323474 0.0028995 0.000588805 -0.00157431 0 0 0
42.51229846946       0.265625 0.101058 -0.00215917 -0.035391 0.0545257 0.00162865 0.0497067 1.28253e-12 -1.1104e-14 7.50788e-15 0 -23.067 0.0404023 0.3248 0.00443603 -0.000876482 -0.0020419 0 0 0
42.51229846946       0.296875 0.0917858 1.53742e-05 -0.0346323 0.057764 0.000608947 0.0492987 5.93303e-13 -1.36696e-14 8.12544e-15 0 -24.0695 0.0884094 0.32448 0.00418526 0.000333542 -0.00335591 0 0 0
42.51229846946       0.328125 0.0828372 0.000864142 -0.0337154 0.0600681 0.000707692 0.048086 1.20792e-13 -9.36751e-15 1.35031e-14 1.45519e-11 -25.4604 0.0479597 0.321888 0.00386999 0.00239195 -0.00492915 0 0 0
42.51229846946       0.359375 0.0739501 5.17498e-05 -0.032386 0.0546573 0.00128399 0.0461054 4.35207e-13 -1.43288e-14 -1.03598e-14 0 -27.2395 -0.0634691 0.315253 0.00600577 0.00418401 -0.00587337 0 0 0
42.51229846946       0.390625 0.0710331 -0.000248075 -0.0320328 0.0454165 0.00136213 0.0436586 3.71259e-13 -1.3628e-14 -6.89032e-15 0 -29.2211 -0.154246 0.312657 0.00751085 0.00589524 -0.00603247 0 0 0
42.51229846946       0.421875 0.0744991 -0.00281601 -0.0311831 0.0374468 0.001883 0.0403623 1.50813e-12 -8.21565e-15 -1.9533e-15 0 -31.1191 -0.218969 0.304697 0.00519887 0.00678456 -0.00558442 0 0 0
42.51229846946       0.453125 0.0775881 -0.00317557 -0.0298347 0.0307202 0.00328032 0.0365713 6.4837e-13 -2.10942e-15 -5.66908e-15 0 -33.0886 -0.313769 0.292494 0.00136583 0.0055085 -0.00457078 0 0 0
42.51229846946       0.484375 0.0697201 -0.00178198 -0.0271996 0.0261503 0.00411441 0.0338641 -5.54223e-13 -1.16018e-14 -5.72112e-15 0 -34.955 -0.36898 0.274512 -0.00182744 0.00348908 -0.00324068 0 0 0
42.51229846946       0.515625 0.0607648 0.000311582 -0.0245849 0.0244136 0.00326262 0.0322069 5.82645e-13 6.245e-16 1.56125e-15 0 -36.3617 -0.290831 0.257487 -0.00397213 0.00220978 -0.00185662 0 0 0
42.51229846946       0.546875 0.0584893 0.000342745 -0.0236909 0.0216156 0.00203932 0.0306074 1.77636e-14 4.8711e-15 5.79051e-15 0 -37.3364 -0.0989159 0.249776 -0.00386129 0.00207863 -0.000622238 0 0 0
42.51229846946       0.578125 0.0583354 -0.00108185 -0.0234836 0.0186304 0.00155279 0.0289193 7.4607e-14 3.17107e-15 1.18308e-15 0 -38.1665 0.105473 0.245617 -0.00249274 0.00239702 0.000313274 0 0 0
42.51229846946       0.609375 0.0554558 -0.0022596 -0.0221504 0.0177749 0.00158911 0.0272148 3.8014e-13 2.72005e-15 5.45744e-15 2.91038e-11 -39.0064 0.225103 0.23385 -0.000773851 0.00255932 0.000943114 0 0 0
42.51229846946       0.640625 0.050089 -0.00263186 -0.0198516 0.0179537 0.00131036 0.0254665 6.76792e-13 -6.46705e-15 6.45664e-15 0 -39.7971 0.253231 0.214783 0.00188732 0.00243081 0.00132028 0 0 0
42.51229846946       0.671875 0.0451838 -0.00179244 -0.0174671 0.0173838 0.000472326 0.0237308 1.58806e-12 -1.08386e-14 -3.17454e-15 1.45519e-11 -40.545 0.252544 0.19452 0.00578304 0.00114683 0.00162157 0 0 0
42.51229846946       0.703125 0.0399635 -0.00149894 -0.0152145 0.0171763 -0.000545428 0.0219639 5.96856e-13 -1.15186e-15 -1.18204e-14 1.45519e-11 -41.2913 0.255706 0.174899 0.00880958 -0.001725 0.00200438 0 0 0
42.51229846946       0.734375 0.0345098 -0.00254916 -0.0131776 0.0190668 -0.00139693 0.0200863 9.34364e-13 1.35447e-14 -8.0734e-15 0 -41.9871 0.256915 0.156289 0.00960987 -0.00536203 0.00247786 0 0 0
42.51229846946       0.765625 0.0301736 -0.00321215 -0.0113025 0.0210067 -0.00208362 0.0182126 1.59872e-13 -2.95874e-14 1.81452e-15 0 -42.493 0.239521 0.138335 0.00997522 -0.00938195 0.00295737 0 0 0
42.51229846946       0.796875 0.0263675 -0.0025721 -0.00935691 0.0221055 -0.00240442 0.0164604 7.60281e-13 -2.26624e-14 3.09475e-15 0 -42.7842 0.188765 0.119867 0.0101385 -0.0128019 0.00339988 0 0 0
42.51229846946       0.828125 0.0250681 -0.000115777 -0.00800941 0.0206643 -0.00221045 0.0148891 1.44773e-12 -5.28744e-15 5.91541e-15 2.91038e-11 -42.879 0.0715199 0.105776 0.00990835 -0.0144836 0.00374647 0 0 0
42.51229846946       0.859375 0.0233613 0.00219564 -0.00728193 0.0164143 -0.0016863 0.0135686 1.05693e-12 1.31214e-14 3.10169e-15 1.45519e-11 -42.856 -0.108166 0.0966326 0.00750747 -0.0138029 0.0038658 0 0 0
42.51229846946       0.890625 0.0207288 0.00242057 -0.00610657 0.0138464 -0.00149461 0.0117667 1.15463e-12 1.97065e-15 4.47732e-15 0 -43.162 -0.26243 0.0827879 0.00371021 -0.0108988 0.0037233 0 0 0
42.51229846946       0.921875 0.0191942 0.0010353 -0.004524 0.0146892 -0.00143726 0.00867514 -4.61853e-13 6.78624e-15 5.05151e-15 0 -43.854 -0.370377 0.0616479 0.0036282 -0.00527166 0.00327857 0 0 0
42.51229846946       0.953125 0.0209041 -0.00131921 -0.00276506 0.0165755 -0.000957716 0.0044348 3.83693e-13 1.63758e-15 2.84234e-15 0 -44.7568 -0.47271 0.0350104 0.00763016 0.00157394 0.00237768 0 0 0
42.51229846946       0.984375 0.0270082 -0.00311817 -0.000597658 0.01943 -0.000247013 0.00063062 -3.48166e-13 1.13798e-15 -2.58474e-16 1.45519e-11 -45.9436 -0.48036 0.0064954 0.0150174 0.00579003 0.000905372 0 0 0
45.01248303055       0.015625 0.0551388 -0.00125785 -0.00485241 0.0185012 9.70744e-05 0.0012659 -2.13163e-14 -4.3715e-15 1.07379e-15 2.91038e-11 -0.695429 0.00736689 0.00881243 0.0120984 -0.00245126 -0.000435146 0 0 0
45.01248303055       0.046875 0.227238 -0.00347255 -0.0278637 0.053117 -0.000747952 0.00851816 9.32587e-14 1.97065e-14 4.4049e-15 1.45519e-11 -8.10711 0.0392253 0.118405 0.0330363 0.00106372 0.000215696 0 0 0
45.01248303055       0.078125 0.207288 0.00142279 -0.0316703 0.0683485 -0.000898573 0.0190939 1.17595e-12 -1.90126e-14 -2.13891e-15 2.91038e-11 -13.2448 0.153155 0.180668 0.028408 0.0139723 0.00164723 0 0 0
45.01248303055       0.109375 0.174963 0.00283097 -0.0315359 0.0668859 -0.000786037 0.0281307 5.9508e-13 -2.83107e-15 1.88564e-15 0 -16.331 0.223944 0.215797 0.0249567 0.0106439 0.00176894 0 0 0
45.01248303055       0.140625 0.160645 0.00137278 -0.0348225 0.0578343 -0.00274908 0.0358868 -1.15463e-13 -4.02456e-16 -3.82853e-15 0 -18.3565 0.0169554 0.261646 0.0228393 0.00385165 0.00186405 0 0 0
45.01248303055       0.171875 0.150068 0.00121842 -0.0362882 0.0595981 -0.00546303 0.0416335 3.73035e-13 -1.57097e-14 -4.45737e-15 0 -19.6682 -0.265932 0.292583 0.0243876 -0.00123896 0.00252649 0 0 0
45.01248303055       0.203125 0.127893 0.00555403 -0.0353853 0.0582391 -0.00805464 0.0450484 1.42109e-14 1.58207e-14 1.6515e-14 0 -21.1694 -0.4784 0.306253 0.0236235 -0.00319876 0.00276508 0 0 0
45.01248303055       0.234375 0.118114 0.01328 -0.0363389 0.0576546 -0.0104021 0.0443678 -3.49942e-13 2.04559e-14 1.06078e-14 0 -22.8465 -0.551844 0.317011 0.0180695 -0.00127107 0.00257624 0 0 0
45.01248303055       0.265625 0.11657 0.0138527 -0.0377782 0.0520954 -0.0109523 0.0419935 5.3646e-13 -6.02296e-15 4.36109e-15 0 -24.1538 -0.422154 0.3227 0.0138084 0.00181357 0.00269632 0 0 0
45.01248303055       0.296875 0.111807 0.0148866 -0.0370007 0.0495893 -0.010717 0.0404951 -5.61329e-13 8.04912e-16 -3.89272e-15 2.91038e-11 -25.1907 -0.231787 0.31708 0.0113959 0.00604636 0.0029654 0 0 0
45.01248303055       0.328125 0.103562 0.017837 -0.0351732 0.0515515 -0.010299 0.0399749 -7.12319e-13 -1.21014e-14 5.78704e-15 1.45519e-11 -26.1063 -0.0442305 0.307855 0.0110662 0.0101042 0.00287162 0 0 0
45.01248303055       0.359375 0.0918612 0.018139 -0.0315559 0.0514004 -0.00822972 0.0402215 7.53175e-13 -1.56264e-14 1.71391e-15 2.91038e-11 -26.9885 0.134402 0.290974 0.010336 0.0112738 0.00237043 0 0 0
45.01248303055       0.390625 0.0777906 0.0132264 -0.0272483 0.0453024 -0.00555448 0.0408702 1.23279e-12 -2.24265e-14 6.79318e-15 2.91038e-11 -28.175 0.229246 0.271754 0.00874126 0.0085087 0.00147549 0 0 0
45.01248303055       0.421875 0.0659636 0.00717458 -0.0241757 0.0386206 -0.00321218 0.0404652 1.07292e-12 9.21485e-15 7.67442e-15 0 -29.7929 0.195362 0.25759 0.00654083 0.00367749 0.000251142 0 0 0
45.01248303055       0.453125 0.0600817 0.00357975 -0.0224479 0.037898 -0.000480861 0.0380074 -1.81188e-13 1.29757e-15 -1.4988e-15 0 -31.6901 0.053338 0.246591 0.00302122 -0.00120792 -0.000854202 0 0 0
45.01248303055       0.484375 0.0563104 0.00154897 -0.0201561 0.0371125 0.00215605 0.0344639 -4.08562e-14 1.15949e-14 -8.21565e-15 1.45519e-11 -33.6446 -0.0949987 0.228075 -0.00080172 -0.00438104 -0.00172101 0 0 0
45.01248303055       0.515625 0.0518022 -0.00152505 -0.0169211 0.0350447 0.00354127 0.0306567 3.01981e-13 7.95197e-15 2.14412e-15 2.91038e-11 -35.6292 -0.156093 0.200822 -0.00423668 -0.00514302 -0.0024548 0 0 0
45.01248303055       0.546875 0.0463218 -0.00208258 -0.0135225 0.0316777 0.0037873 0.0268751 6.0929e-13 1.22818e-14 -6.09929e-15 1.45519e-11 -37.275 -0.112198 0.169983 -0.00520515 -0.00423999 -0.00317192 0 0 0
45.01248303055       0.578125 0.0414536 -0.00194822 -0.0109823 0.029005 0.0039183 0.0235355 -2.57572e-13 1.63845e-15 -3.96905e-15 2.91038e-11 -38.3126 0.0268291 0.143752 -0.00268693 -0.00240957 -0.00390938 0 0 0
45.01248303055       0.609375 0.0349869 -0.0017058 -0.00950618 0.0275536 0.00412662 0.0213854 6.39488e-14 -8.92342e-15 3.48679e-15 0 -38.8559 0.173429 0.127548 0.000887869 -0.000476844 -0.00459303 0 0 0
45.01248303055       0.640625 0.030527 -0.00216074 -0.0090266 0.0269315 0.00389171 0.0202982 1.31095e-12 -1.09079e-14 -3.43475e-16 2.91038e-11 -39.3606 0.324105 0.121605 0.00267695 0.00200286 -0.0051553 0 0 0
45.01248303055       0.671875 0.0290948 -0.0028375 -0.00891906 0.0260506 0.00411845 0.0196835 -3.55271e-13 -3.4972e-15 -2.61596e-15 1.45519e-11 -39.919 0.438043 0.120082 0.0030196 0.0031702 -0.00555632 0 0 0
45.01248303055       0.703125 0.030022 -0.0030425 -0.00891586 0.0240692 0.00488976 0.0193253 -6.8745e-13 -9.4369e-16 -1.12688e-14 1.45519e-11 -40.4684 0.44821 0.12025 0.00378469 0.00120016 -0.00568933 0 0 0
45.01248303055       0.734375 0.0319595 -0.00536217 -0.00927744 0.0244947 0.00514926 0.0187323 -2.6823e-13 -9.85323e-16 -7.32747e-15 1.45519e-11 -41.0449 0.370398 0.121921 0.0064734 -0.00164719 -0.00546355 0 0 0
45.01248303055       0.765625 0.0339516 -0.00803749 -0.00985727 0.0263156 0.00459344 0.0176094 4.68958e-13 -7.96585e-15 5.6552e-15 1.45519e-11 -41.5314 0.269535 0.123094 0.0099152 -0.002428 -0.00487021 0 0 0
45.01248303055       0.796875 0.0331657 -0.00925301 -0.00998449 0.0256715 0.0036749 0.0162433 1.79412e-13 9.36751e-16 9.41955e-16 2.91038e-11 -41.7983 0.18977 0.120254 0.0100003 -0.00205093 -0.00406454 0 0 0
45.01248303055       0.828125 0.0293298 -0.00869182 -0.00949789 0.0230893 0.00273845 0.0146488 -1.72307e-13 2.57433e-14 1.37876e-14 1.45519e-11 -42.0749 0.0661096 0.11253 0.0062796 -0.00159301 -0.00323869 0 0 0
45.01248303055       0.859375 0.0256426 -0.00691302 -0.00829747 0.0197505 0.00217738 0.0126094 8.41993e-13 1.37113e-14 -6.95624e-16 0 -42.4652 -0.13747 0.0984508 0.000575064 -0.00120759 -0.00246046 0 0 0
45.01248303055       0.890625 0.0217511 -0.00510344 -0.00619294 0.016333 0.00190314 0.0100551 -4.65405e-13 2.83107e-15 6.85216e-16 0 -42.9262 -0.376368 0.0761877 -0.00498473 -0.00137907 -0.00173497 0 0 0
45.01248303055       0.921875 0.0180865 -0.00365157 -0.00400177 0.0154206 0.00149283 0.00691268 1.02496e-12 -3.21965e-15 -4.46691e-15 2.91038e-11 -43.2735 -0.516915 0.0508797 -0.00627037 -0.00158895 -0.00107421 0 0 0
45.01248303055       0.953125 0.0159485 -0.00260924 -0.00209613 0.0161125 0.000858645 0.00340981 9.20153e-13 -4.71845e-15 -3.45904e-15 4.36557e-11 -43.708 -0.499755 0.0259176 -0.00314919 -0.00207608 -0.000516395 0 0 0
45.01248303055       0.984375 0.0171907 -0.00212357 -0.000467771 0.0190111 0.000164745 0.000487995 7.15872e-13 -1.86517e-14 -1.18829e-16 1.45519e-11 -44.7489 -0.416585 0.00474989 0.00289962 -0.00388438 -0.000137668 0 0 0
47.51289044551       0.015625 0.0576352 -0.00128816 -0.00493634 0.0205454 0.000112348 0.00134402 -1.11022e-14 3.61169e-15 -3.17183e-15 2.91038e-11 -0.707528 -0.000795208 0.00907176 -0.00183746 -0.00332625 -0.000959415 0 0 0
47.51289044551       0.046875 0.236927 0.000984474 -0.0301306 0.0529012 -0.00110013 0.00943251 4.26326e-13 5.85643e-15 -1.6688e-15 2.91038e-11 -8.04657 -0.120505 0.128828 0.0151963 -0.0102334 -0.00144544 0 0 0
47.51289044551       0.078125 0.234619 0.00476058 -0.0348315 0.0757419 -0.00395733 0.0218362 3.14415e-13 2.49523e-14 -6.9042e-15 1.45519e-11 -13.7841 -0.25788 0.206009 0.0204388 -0.00895163 -0.00155022 0 0 0
47.51289044551       0.109375 0.215821 0.0134802 -0.0401933 0.0669191 -0.00503764 0.0313557 5.43565e-13 9.99201e-15 -3.67067e-15 0 -17.8741 -0.28744 0.275692 0.0142294 -0.00154435 -0.00270339 0 0 0
47.51289044551       0.140625 0.174101 0.0180454 -0.0392405 0.0609425 -0.00324661 0.0369831 9.02389e-13 5.42622e-15 -2.93168e-15 0 -19.873 -0.254637 0.29584 0.0159014 0.0083081 -0.00363553 0 0 0
47.51289044551       0.171875 0.132948 0.0149636 -0.0369752 0.0538797 -0.000803127 0.0398582 8.91731e-13 -1.72917e-14 1.74166e-15 1.45519e-11 -21.5584 -0.213905 0.301203 0.0233702 0.0151438 -0.00446258 0 0 0
47.51289044551       0.203125 0.12102 0.0116561 -0.0363059 0.0564608 0.00172937 0.0405428 4.7784e-13 -2.42029e-14 -8.403e-15 2.91038e-11 -22.913 -0.0599642 0.305698 0.0251211 0.0171407 -0.00535401 0 0 0
47.51289044551       0.234375 0.116496 0.00651891 -0.0371573 0.0578718 0.00425915 0.0403062 6.21725e-13 -1.83326e-14 -4.55885e-15 1.45519e-11 -24.0236 0.144076 0.314745 0.0212436 0.0133678 -0.00610566 0 0 0
47.51289044551       0.265625 0.120397 0.00555707 -0.0384882 0.0510063 0.00514657 0.0403477 -2.41585e-13 -1.11855e-14 2.85882e-15 0 -24.9878 0.284723 0.326525 0.0188177 0.00799326 -0.00645276 0 0 0
47.51289044551       0.296875 0.11514 0.00837051 -0.0382907 0.0452061 0.00463992 0.0407429 2.98428e-13 -1.9762e-14 9.9365e-15 1.45519e-11 -25.6678 0.334666 0.329359 0.0192415 0.00444532 -0.00636428 0 0 0
47.51289044551       0.328125 0.109519 0.0084139 -0.0370227 0.040532 0.00370649 0.0409698 2.06057e-13 5.05151e-15 -6.09929e-15 0 -26.7349 0.3388 0.326806 0.0182864 0.0034647 -0.00595259 0 0 0
47.51289044551       0.359375 0.105557 0.00170813 -0.0354134 0.0395859 0.00384319 0.0403099 5.9508e-13 -1.06581e-14 8.51402e-15 0 -28.0848 0.36204 0.320554 0.0166251 0.00309264 -0.00521044 0 0 0
47.51289044551       0.390625 0.0942292 -0.00470752 -0.0337204 0.0381938 0.00433893 0.039336 1.82965e-13 -1.24484e-14 1.57999e-14 0 -29.3334 0.332576 0.312392 0.0147807 0.00244804 -0.00426717 0 0 0
47.51289044551       0.421875 0.082407 -0.00751321 -0.032683 0.0360199 0.00504693 0.0385948 3.78364e-13 8.03524e-15 -1.14492e-15 0 -30.4395 0.276527 0.308089 0.0128689 0.00180312 -0.00336633 0 0 0
47.51289044551       0.453125 0.0773574 -0.0110507 -0.0326916 0.0352371 0.00640877 0.0378063 1.77636e-14 1.49741e-14 1.33088e-14 0 -31.5642 0.266945 0.309695 0.0107382 0.00174562 -0.00269132 0 0 0
47.51289044551       0.484375 0.07596 -0.0141911 -0.0323772 0.0321386 0.00687034 0.0370575 -2.23821e-13 3.21965e-15 -1.45717e-16 0 -32.7541 0.296042 0.309409 0.00858482 0.00209666 -0.00223811 0 0 0
47.51289044551       0.515625 0.0738379 -0.0133177 -0.0312715 0.0279222 0.00629485 0.0364153 -8.82849e-13 4.69069e-15 -2.19963e-15 0 -34.1095 0.28777 0.304246 0.00744815 0.00266974 -0.00185981 0 0 0
47.51289044551       0.546875 0.0711952 -0.00864385 -0.0301965 0.0255235 0.00485459 0.0358704 8.20677e-13 -8.47933e-15 9.29812e-15 0 -35.4416 0.217287 0.298803 0.00810692 0.00345312 -0.0014436 0 0 0
47.51289044551       0.578125 0.0687549 -0.00439883 -0.0295971 0.0248701 0.00334478 0.0350304 3.32179e-13 2.71311e-15 -1.94567e-14 1.45519e-11 -36.3839 0.153598 0.294444 0.00908228 0.00466412 -0.000945041 0 0 0
47.51289044551       0.609375 0.0686349 -0.00159994 -0.0286179 0.0246828 0.0021105 0.03329 2.64677e-13 -2.71311e-15 -1.67921e-15 1.45519e-11 -37.0783 0.121243 0.28425 0.010284 0.00614696 -0.000482132 0 0 0
47.51289044551       0.640625 0.0689822 -0.000112183 -0.0268046 0.0234886 0.00151059 0.0306796 -7.24754e-13 1.51268e-15 2.09416e-14 1.45519e-11 -37.8417 0.1052 0.265984 0.0125465 0.00747396 -0.000206213 0 0 0
47.51289044551       0.671875 0.0670599 0.00105388 -0.0247098 0.0219959 0.00135489 0.0276214 4.26326e-14 7.27196e-15 3.06005e-15 0 -38.6995 0.0748028 0.24445 0.0158509 0.00889515 -0.000102775 0 0 0
47.51289044551       0.703125 0.0617727 0.00261445 -0.0222623 0.0220359 0.0012156 0.0243949 -2.64677e-13 1.64226e-14 7.32747e-15 1.45519e-11 -39.5285 0.0130477 0.219928 0.0194294 0.00996536 -6.2563e-05 0 0 0
47.51289044551       0.734375 0.0524112 0.00254875 -0.0191079 0.0227284 0.000781031 0.0210432 8.0129e-13 9.87507e-15 -6.99734e-15 -1.95541e-11 -40.2243 -0.0808951 0.189983 0.0212421 0.00931111 0.000142473 0 0 0
47.51289044551       0.765625 0.0421356 0.00186838 -0.0154811 0.0228557 -0.00011649 0.0178635 6.27054e-13 1.74166e-15 -1.82528e-14 1.45519e-11 -40.8319 -0.150932 0.156762 0.0198143 0.00737652 0.000572062 0 0 0
47.51289044551       0.796875 0.0308417 0.00141364 -0.0114869 0.0210453 -0.00050825 0.0153633 1.05516e-12 9.83935e-15 -9.42996e-15 2.91038e-11 -41.592 -0.214281 0.123138 0.0159296 0.00642123 0.00100302 0 0 0
47.51289044551       0.828125 0.0205989 0.00034797 -0.00751495 0.0175616 -0.000272809 0.0133632 -5.68434e-14 -6.13398e-15 4.9509e-15 2.91038e-11 -42.5005 -0.280952 0.0911353 0.0117078 0.00711426 0.00133411 0 0 0
47.51289044551       0.859375 0.0147377 -0.000695128 -0.00411413 0.0151187 8.51832e-06 0.0108666 -8.88178e-15 7.32747e-15 2.71658e-15 0 -43.3742 -0.333766 0.0608352 0.0074275 0.00895648 0.00153779 0 0 0
47.51289044551       0.890625 0.0139954 -0.00189272 -0.00190809 0.0150992 0.000111171 0.00763658 4.12115e-13 8.92342e-15 -8.13238e-15 1.45519e-11 -43.9739 -0.372392 0.0357283 0.0026858 0.0119151 0.00155568 0 0 0
47.51289044551       0.921875 0.0145619 -0.00374704 -0.00104801 0.0153022 0.000139188 0.00451382 9.48575e-13 2.38698e-14 -3.17628e-15 0 -44.1644 -0.429932 0.0200739 -0.00269075 0.0155636 0.00140668 0 0 0
47.51289044551       0.953125 0.0151091 -0.00515795 -0.000779433 0.0143345 0.000106143 0.00198416 1.12621e-12 1.9984e-14 -4.49293e-16 0 -44.1687 -0.542033 0.0105465 -0.00859417 0.018497 0.00105264 0 0 0
47.51289044551       0.984375 0.0170158 -0.00533203 -0.000288116 0.0145009 5.15897e-05 0.000266839 1.3145e-12 1.80411e-15 2.07733e-16 0 -44.6301 -0.7092 0.00229968 -0.0102892 0.0207607 0.000405949 0 0 0
 50.0132678218       0.015625 0.055814 -0.00105675 -0.00489641 0.0195172 0.000154694 0.00154196 1.76748e-13 -3.78343e-15 3.22119e-15 2.91038e-11 -0.676723 -0.000458975 0.0090669 -0.0016253 -0.00378807 -0.000700357 0 0 0
 50.0132678218       0.046875 0.229167 -0.000713422 -0.0302888 0.0557813 0.000545896 0.0102969 -1.82077e-13 4.23273e-15 -1.82683e-15 0 -7.71588 0.000198387 0.129495 0.00233224 -0.0108816 -0.000422698 0 0 0
 50.0132678218       0.078125 0.203501 -0.0063785 -0.0355417 0.0584386 0.000459569 0.0212685 4.12115e-13 4.81559e-15 -6.29509e-15 1.45519e-11 -12.8077 0.152571 0.203833 0.00141974 -0.00940375 0.000684256 0 0 0
 50.0132678218       0.109375 0.168158 -0.0208268 -0.0313006 0.0641724 0.00286643 0.0265324 -2.13163e-14 2.58127e-15 7.83011e-16 0 -16.9134 0.393809 0.217533 -0.00332023 -0.00645265 0.00130492 0 0 0
 50.0132678218       0.140625 0.14199 -0.0141514 -0.0307282 0.0642207 0.00275333 0.0305219 -1.77636e-13 7.04992e-15 6.49741e-15 1.45519e-11 -20.1526 0.435742 0.238711 -0.00758113 2.74867e-05 0.00149075 0 0 0
 50.0132678218       0.171875 0.129065 -0.0121776 -0.0337104 0.0640389 0.00225185 0.0348473 1.26299e-12 -2.19269e-15 8.37546e-16 0 -22.5393 0.423424 0.277375 -0.011816 0.00677195 0.00118247 0 0 0
 50.0132678218       0.203125 0.125212 -0.0145431 -0.0362741 0.0593148 -0.000137219 0.0389596 5.82645e-13 1.63758e-14 9.0288e-15 0 -24.1922 0.309068 0.309786 -0.0134666 0.00822554 0.000531015 0 0 0
 50.0132678218       0.234375 0.122082 -0.0127956 -0.0377503 0.0530882 -0.00256935 0.0411515 1.42109e-13 2.06016e-14 -8.89046e-15 0 -25.3283 0.146762 0.329734 -0.0121708 0.00623384 0.000195645 0 0 0
 50.0132678218       0.265625 0.112387 -0.00915394 -0.0371941 0.0501603 -0.00402454 0.0419198 2.94875e-13 1.49741e-14 -1.28196e-14 0 -26.3607 -0.0341842 0.335157 -0.00946909 0.00290358 0.000575458 0 0 0
 50.0132678218       0.296875 0.100624 -0.0052907 -0.0348993 0.0475068 -0.0046662 0.0419416 1.51701e-12 4.96825e-15 -4.17028e-15 0 -27.5784 -0.148045 0.32839 -0.00850574 -0.000376718 0.000826121 0 0 0
 50.0132678218       0.328125 0.088722 -0.00287633 -0.0332337 0.0452275 -0.00391257 0.0417075 -9.48575e-13 8.04912e-16 -1.21882e-14 0 -28.8408 -0.19517 0.323032 -0.00637608 -0.00223949 0.000717512 0 0 0
 50.0132678218       0.359375 0.07737 -0.000370483 -0.0318079 0.0428134 -0.00247675 0.0413624 -1.01785e-12 6.18949e-15 -1.42386e-14 0 -29.8897 -0.179656 0.316789 -0.0035726 -0.00315985 0.000289166 0 0 0
 50.0132678218       0.390625 0.0731831 -0.00151131 -0.0306506 0.0404735 -0.000305607 0.0406419 1.33049e-12 1.43635e-14 -2.64129e-14 0 -30.9293 -0.0893573 0.310094 -0.00120191 -0.00357646 -0.000287251 0 0 0
 50.0132678218       0.421875 0.0676013 -0.00439149 -0.0287454 0.0391798 0.00212918 0.039929 -2.23821e-13 -1.1352e-14 -2.60417e-14 0 -32.1895 0.0120824 0.298978 0.00100867 -0.00267484 -0.00107764 0 0 0
 50.0132678218       0.453125 0.0626266 -0.00418055 -0.0267942 0.0370633 0.00390002 0.0394552 1.02673e-12 5.05151e-15 -8.75688e-15 0 -33.3377 0.0896775 0.287363 0.00353719 -0.000299451 -0.00231958 0 0 0
 50.0132678218       0.484375 0.0579954 -0.00458749 -0.0257018 0.0340456 0.00547198 0.0391633 7.08766e-13 -3.15026e-15 -1.45578e-14 0 -34.0936 0.152678 0.281143 0.00534269 0.00194788 -0.00379291 0 0 0
 50.0132678218       0.515625 0.0560573 -0.0052439 -0.0250806 0.0331574 0.0067814 0.038534 -5.25802e-13 -1.07483e-14 -1.33921e-14 0 -34.6628 0.175817 0.276694 0.00537369 0.00315322 -0.00512008 0 0 0
 50.0132678218       0.546875 0.0549142 -0.00554151 -0.0240552 0.0341369 0.00729854 0.036916 7.58504e-13 9.36751e-16 4.85723e-16 1.45519e-11 -35.2741 0.164473 0.266385 0.00377082 0.00311365 -0.00611203 0 0 0
 50.0132678218       0.578125 0.0522327 -0.00533677 -0.0220058 0.0357242 0.00735888 0.0340263 1.67333e-12 -1.24449e-14 4.35069e-15 0 -36.0216 0.114496 0.245636 0.000648452 0.00206052 -0.00674681 0 0 0
 50.0132678218       0.609375 0.0485463 -0.00379041 -0.0190373 0.0357101 0.00684529 0.0304112 6.27054e-13 -1.8277e-14 -5.00988e-15 0 -36.801 0.0162769 0.216453 -0.00363925 0.000465784 -0.007039 0 0 0
 50.0132678218       0.640625 0.0448446 -0.000393306 -0.015991 0.0344002 0.00513302 0.0267886 4.61853e-14 7.56339e-15 6.66134e-15 0 -37.5723 -0.0903915 0.18598 -0.00783444 -0.0013556 -0.00706804 0 0 0
 50.0132678218       0.671875 0.0415841 0.00269967 -0.0137061 0.0316606 0.00279819 0.0237074 1.16174e-12 3.11001e-14 -2.89352e-15 0 -38.3133 -0.157412 0.161642 -0.0116572 -0.00347648 -0.00701092 0 0 0
 50.0132678218       0.703125 0.0388301 0.00341289 -0.0123153 0.0278335 0.00112431 0.0217007 7.81597e-14 2.81025e-14 6.93889e-17 0 -38.9183 -0.205081 0.146601 -0.0156395 -0.00665464 -0.00700453 0 0 0
 50.0132678218       0.734375 0.0370379 0.00367442 -0.0117145 0.0244641 0.000301792 0.0208329 3.30402e-13 -6.1201e-15 -1.97758e-15 0 -39.3824 -0.283715 0.140589 -0.0192417 -0.0113584 -0.00709071 0 0 0
 50.0132678218       0.765625 0.0370751 0.00447927 -0.0114746 0.0219206 4.30447e-05 0.0207008 3.55271e-14 -7.84095e-15 -4.7462e-15 1.45519e-11 -39.7287 -0.339243 0.139363 -0.0218749 -0.0165423 -0.00716227 0 0 0
 50.0132678218       0.796875 0.0365162 0.00539761 -0.0105963 0.0199652 2.70686e-06 0.020522 0 1.21292e-14 -1.07553e-15 2.91038e-11 -40.0397 -0.284793 0.133491 -0.0242604 -0.0202703 -0.00705272 0 0 0
 50.0132678218       0.828125 0.0353584 0.00833966 -0.00896165 0.0190732 -0.000254243 0.0193572 6.03961e-13 -9.94343e-15 -1.12549e-14 0 -40.4323 -0.143817 0.119227 -0.0289784 -0.0204698 -0.00667449 0 0 0
 50.0132678218       0.859375 0.0377303 0.0130161 -0.00739091 0.0197663 -0.000529697 0.01691 1.7053e-13 -3.07462e-14 -7.41421e-15 0 -41.0147 -0.0577244 0.101518 -0.036673 -0.019059 -0.00593505 0 0 0
 50.0132678218       0.890625 0.0423882 0.0156339 -0.00625093 0.0217973 -0.000852937 0.0133264 -2.45137e-13 2.498e-16 5.25274e-15 1.45519e-11 -41.5519 -0.0648733 0.0830798 -0.0441358 -0.0166957 -0.00477169 0 0 0
 50.0132678218       0.921875 0.0463172 0.0148333 -0.00528712 0.0265264 -0.00108486 0.00877054 -1.22213e-12 3.31332e-16 1.73125e-15 0 -41.8301 -0.142747 0.0625891 -0.0484583 -0.0141336 -0.00326619 0 0 0
 50.0132678218       0.953125 0.0455898 0.0125156 -0.00388195 0.0328655 -0.00118852 0.00406342 1.26654e-12 5.14033e-14 3.88578e-16 1.45519e-11 -42.0677 -0.318312 0.0385335 -0.0462486 -0.0136158 -0.00164082 0 0 0
 50.0132678218       0.984375 0.0258062 0.00623841 -0.00103815 0.0373748 -0.000285989 0.000558564 2.13163e-14 2.94764e-14 -9.65374e-16 0 -43.2405 -0.621833 0.00850705 -0.0347093 -0.0153678 -0.000416857 0 0 0
