35.01073675528       0.015625 0.812598 0.00167834 -9.4483e-05 1 300 0 0.000527733 0 0 0 0 0 0
35.01073675528       0.046875 1.83007 0.0109658 -0.000281068 1 300 0 0.000285687 0 0 0 0 0 0
35.01073675528       0.078125 2.18916 0.0463475 -0.000460556 1 300 0 0.000165305 0 0 0 0 0 0
35.01073675528       0.109375 2.41331 0.0538786 -0.000628453 1 300 0 0.000129916 0 0 0 0 0 0
35.01073675528       0.140625 2.52387 0.0347816 -0.000780677 1 300 0 0.000107371 0 0 0 0 0 0
35.01073675528       0.171875 2.58693 0.0129147 -0.00091367 1 300 0 9.631e-05 0 0 0 0 0 0
35.01073675528       0.203125 2.64513 -0.00128757 -0.0010245 1 300 0 9.36814e-05 0 0 0 0 0 0
35.01073675528       0.234375 2.70907 -0.0211727 -0.00111094 1 300 0 9.20581e-05 0 0 0 0 0 0
35.01073675528       0.265625 2.78368 -0.0520191 -0.00117158 1 300 0 8.77548e-05 0 0 0 0 0 0
35.01073675528       0.296875 2.85623 -0.0854599 -0.00120583 1 300 0 8.25198e-05 0 0 0 0 0 0
35.01073675528       0.328125 2.91987 -0.108024 -0.00121393 1 300 0 7.7242e-05 0 0 0 0 0 0
35.01073675528       0.359375 2.97185 -0.110942 -0.00119695 1 300 0 7.20025e-05 0 0 0 0 0 0
35.01073675528       0.390625 3.01412 -0.0937803 -0.00115669 1 300 0 7.06838e-05 0 0 0 0 0 0
35.01073675528       0.421875 3.04875 -0.0549057 -0.00109565 1 300 0 6.8633e-05 0 0 0 0 0 0
35.01073675528       0.453125 3.08436 -0.00933433 -0.00101689 1 300 0 6.5797e-05 0 0 0 0 0 0
35.01073675528       0.484375 3.13328 0.0212314 -0.000923923 1 300 0 6.25691e-05 0 0 0 0 0 0
35.01073675528       0.515625 3.17842 0.0427319 -0.00082056 1 300 0 5.93258e-05 0 0 0 0 0 0
35.01073675528       0.546875 3.21683 0.0561926 -0.000710774 1 300 0 5.6363e-05 0 0 0 0 0 0
35.01073675528       0.578125 3.25639 0.0554482 -0.000598539 1 300 0 5.36971e-05 0 0 0 0 0 0
35.01073675528       0.609375 3.29546 0.0412652 -0.000487689 1 300 0 5.04033e-05 0 0 0 0 0 0
35.01073675528       0.640625 3.33265 0.022108 -0.000381768 1 300 0 4.8109e-05 0 0 0 0 0 0
35.01073675528       0.671875 3.37115 0.00463026 -0.000283906 1 300 0 4.66287e-05 0 0 0 0 0 0
35.01073675528       0.703125 3.40738 -0.00992296 -0.000196701 0.999999 300 0 4.33703e-05 0 0 0 0 0 0
35.01073675528       0.734375 3.43754 -0.0137275 -0.000122138 0.999999 300 0 3.97347e-05 0 0 0 0 0 0
35.01073675528       0.765625 3.463 -0.0054207 -6.15168e-05 0.999999 300 0 3.73596e-05 0 0 0 0 0 0
35.01073675528       0.796875 3.48589 0.00608812 -1.54259e-05 0.999999 300 0 3.54085e-05 0 0 0 0 0 0
35.01073675528       0.828125 3.50647 0.0184887 1.62702e-05 0.999999 300 0 3.37768e-05 0 0 0 0 0 0
35.01073675528       0.859375 3.52408 0.0313034 3.44059e-05 0.999999 300 0 3.22658e-05 0 0 0 0 0 0
35.01073675528       0.890625 3.54051 0.0388202 4.04619e-05 0.999999 300 0 3.09494e-05 0 0 0 0 0 0
35.01073675528       0.921875 3.56078 0.0377584 3.64873e-05 0.999998 300 0 3.02141e-05 0 0 0 0 0 0
35.01073675528       0.953125 3.58455 0.0298624 2.49984e-05 0.999998 300 0 3.1195e-05 0 0 0 0 0 0
35.01073675528       0.984375 3.61237 0.0252584 8.85785e-06 0.999998 300 0 2.78635e-05 0 0 0 0 0 0
37.51111358502       0.015625 0.795284 0.00100928 -6.23281e-05 1 300 0 0.000518237 0 0 0 0 0 0
37.51111358502       0.046875 1.79952 -0.00318921 -0.000185336 1 300 0 0.000282833 0 0 0 0 0 0
37.51111358502       0.078125 2.16436 -0.0104412 -0.000303441 1 300 0 0.000172918 0 0 0 0 0 0
37.51111358502       0.109375 2.38946 -0.0249557 -0.000413552 1 300 0 0.000141888 0 0 0 0 0 0
37.51111358502       0.140625 2.53722 -0.0378946 -0.000512856 1 300 0 0.000115976 0 0 0 0 0 0
37.51111358502       0.171875 2.62642 -0.0485044 -0.000598901 1 300 0 9.99174e-05 0 0 0 0 0 0
37.51111358502       0.203125 2.70127 -0.0565559 -0.000669687 1 300 0 8.98358e-05 0 0 0 0 0 0
37.51111358502       0.234375 2.75799 -0.0586648 -0.000723724 1 300 0 7.98562e-05 0 0 0 0 0 0
37.51111358502       0.265625 2.80589 -0.0513069 -0.000760085 1 300 0 7.59972e-05 0 0 0 0 0 0
37.51111358502       0.296875 2.8516 -0.038492 -0.00077843 1 300 0 7.34911e-05 0 0 0 0 0 0
37.51111358502       0.328125 2.88915 -0.0298553 -0.000778999 1 300 0 7.08183e-05 0 0 0 0 0 0
37.51111358502       0.359375 2.92822 -0.0183721 -0.000762596 1 300 0 6.84113e-05 0 0 0 0 0 0
37.51111358502       0.390625 2.97293 -0.00106231 -0.000730555 1 300 0 6.69478e-05 0 0 0 0 0 0
37.51111358502       0.421875 3.02336 0.0148355 -0.000684675 1 300 0 6.53765e-05 0 0 0 0 0 0
37.51111358502       0.453125 3.06936 0.0220291 -0.000627152 0.999999 300 0 6.21597e-05 0 0 0 0 0 0
37.51111358502       0.484375 3.11307 0.019233 -0.000560485 0.999999 300 0 5.92723e-05 0 0 0 0 0 0
37.51111358502       0.515625 3.1666 0.00876906 -0.00048738 0.999999 300 0 5.66476e-05 0 0 0 0 0 0
37.51111358502       0.546875 3.22989 -0.00341509 -0.000410648 0.999999 300 0 5.41212e-05 0 0 0 0 0 0
37.51111358502       0.578125 3.29083 -0.0114548 -0.00033309 0.999999 300 0 5.1406e-05 0 0 0 0 0 0
37.51111358502       0.609375 3.33839 -0.0065752 -0.000257395 0.999998 300 0 4.91586e-05 0 0 0 0 0 0
37.51111358502       0.640625 3.37076 0.012149 -0.000186035 0.999998 300 0 4.82911e-05 0 0 0 0 0 0
37.51111358502       0.671875 3.40193 0.0303315 -0.000121181 0.999998 300 0 4.56834e-05 0 0 0 0 0 0
37.51111358502       0.703125 3.43411 0.0351882 -6.46292e-05 0.999998 300 0 4.23017e-05 0 0 0 0 0 0
37.51111358502       0.734375 3.45848 0.0330826 -1.773e-05 0.999998 300 0 3.84541e-05 0 0 0 0 0 0
37.51111358502       0.765625 3.47608 0.0306548 1.86552e-05 0.999998 300 0 3.57678e-05 0 0 0 0 0 0
37.51111358502       0.796875 3.49018 0.0296292 4.4178e-05 0.999998 300 0 3.42008e-05 0 0 0 0 0 0
37.51111358502       0.828125 3.50411 0.0284474 5.90057e-05 0.999998 300 0 3.32503e-05 0 0 0 0 0 0
37.51111358502       0.859375 3.52287 0.0263183 6.38033e-05 0.999998 300 0 3.2563e-05 0 0 0 0 0 0
37.51111358502       0.890625 3.54584 0.0245736 5.96949e-05 0.999999 300 0 3.15531e-05 0 0 0 0 0 0
37.51111358502       0.921875 3.56795 0.0237602 4.82075e-05 0.999999 300 0 3.06427e-05 0 0 0 0 0 0
37.51111358502       0.953125 3.59177 0.0242716 3.12009e-05 0.999999 300 0 3.27321e-05 0 0 0 0 0 0
37.51111358502       0.984375 3.63301 0.0302513 1.07844e-05 0.999999 300 0 2.92022e-05 0 0 0 0 0 0
 40.0116650642       0.015625 0.789462 0.00546103 2.459e-05 1 300 0 0.00051084 0 0 0 0 0 0
 40.0116650642       0.046875 1.749 0.00920191 7.29982e-05 1 300 0 0.000281131 0 0 0 0 0 0
 40.0116650642       0.078125 2.12822 -0.0158468 0.000119154 1 300 0 0.00017651 0 0 0 0 0 0
 40.0116650642       0.109375 2.36724 -0.029044 0.000161659 1 300 0 0.000139791 0 0 0 0 0 0
 40.0116650642       0.140625 2.48192 -0.0295174 0.000199218 1 300 0 0.000113623 0 0 0 0 0 0
 40.0116650642       0.171875 2.55548 -0.0239869 0.000230733 1 300 0 0.000101709 0 0 0 0 0 0
 40.0116650642       0.203125 2.64053 -0.0216506 0.000255331 1 300 0 9.55386e-05 0 0 0 0 0 0
 40.0116650642       0.234375 2.7248 -0.0274069 0.000272385 1 300 0 8.77305e-05 0 0 0 0 0 0
 40.0116650642       0.265625 2.79675 -0.0283532 0.000281525 1 300 0 8.12815e-05 0 0 0 0 0 0
 40.0116650642       0.296875 2.86489 -0.0207539 0.000282658 1 300 0 7.50116e-05 0 0 0 0 0 0
 40.0116650642       0.328125 2.92255 -0.00989453 0.000275978 1 300 0 6.93194e-05 0 0 0 0 0 0
 40.0116650642       0.359375 2.97281 -0.00023064 0.000261953 1 300 0 6.5778e-05 0 0 0 0 0 0
 40.0116650642       0.390625 3.02189 0.00273871 0.000241299 1 300 0 6.45012e-05 0 0 0 0 0 0
 40.0116650642       0.421875 3.07729 -0.00388554 0.000214951 1 300 0 6.31318e-05 0 0 0 0 0 0
 40.0116650642       0.453125 3.13735 -0.00935595 0.00018403 0.999999 300 0 6.16125e-05 0 0 0 0 0 0
 40.0116650642       0.484375 3.1932 -0.00571769 0.000149798 0.999999 300 0 5.89704e-05 0 0 0 0 0 0
 40.0116650642       0.515625 3.24129 0.00597526 0.000113605 0.999999 300 0 5.54118e-05 0 0 0 0 0 0
 40.0116650642       0.546875 3.28268 0.0145016 7.68395e-05 0.999998 300 0 5.3011e-05 0 0 0 0 0 0
 40.0116650642       0.578125 3.32501 0.0129454 4.0876e-05 0.999998 300 0 5.17787e-05 0 0 0 0 0 0
 40.0116650642       0.609375 3.37162 0.00445257 7.02258e-06 0.999998 300 0 5.00162e-05 0 0 0 0 0 0
 40.0116650642       0.640625 3.41143 -0.00263219 -2.3529e-05 0.999998 300 0 4.57481e-05 0 0 0 0 0 0
 40.0116650642       0.671875 3.43861 -0.00492409 -4.97465e-05 0.999998 300 0 4.09704e-05 0 0 0 0 0 0
 40.0116650642       0.703125 3.45767 -0.00185361 -7.07964e-05 0.999998 300 0 3.83623e-05 0 0 0 0 0 0
 40.0116650642       0.734375 3.47525 0.00476084 -8.60758e-05 0.999998 300 0 3.7567e-05 0 0 0 0 0 0
 40.0116650642       0.765625 3.49284 0.00955066 -9.52334e-05 0.999998 300 0 3.70913e-05 0 0 0 0 0 0
 40.0116650642       0.796875 3.50733 0.0120289 -9.81802e-05 0.999998 300 0 3.60052e-05 0 0 0 0 0 0
 40.0116650642       0.828125 3.51631 0.0148206 -9.50906e-05 0.999998 300 0 3.48546e-05 0 0 0 0 0 0
 40.0116650642       0.859375 3.52567 0.0202468 -8.63928e-05 0.999998 300 0 3.42711e-05 0 0 0 0 0 0
 40.0116650642       0.890625 3.53672 0.0269025 -7.27495e-05 0.999998 300 0 3.32615e-05 0 0 0 0 0 0
 40.0116650642       0.921875 3.54392 0.0315761 -5.50293e-05 0.999998 300 0 3.32409e-05 0 0 0 0 0 0
 40.0116650642       0.953125 3.54994 0.0323011 -3.42698e-05 0.999998 300 0 3.58995e-05 0 0 0 0 0 0
 40.0116650642       0.984375 3.57599 0.0317236 -1.16346e-05 0.999999 300 0 3.2107e-05 0 0 0 0 0 0
42.51229846946       0.015625 0.808445 -0.0220949 7.24096e-05 1 300 0 0.000527933 0 0 0 0 0 0
42.51229846946       0.046875 1.82294 -0.056046 0.000215515 1 300 0 0.000287413 0 0 0 0 0 0
42.51229846946       0.078125 2.18066 -0.0446905 0.000353568 1 300 0 0.000169791 0 0 0 0 0 0
42.51229846946       0.109375 2.37573 -0.0226307 0.000483398 1 300 0 0.000138171 0 0 0 0 0 0
42.51229846946       0.140625 2.50078 -0.0023638 0.000602076 1 300 0 0.000119124 0 0 0 0 0 0
42.51229846946       0.171875 2.61172 0.00809939 0.000707042 1 300 0 0.000106091 0 0 0 0 0 0
42.51229846946       0.203125 2.69719 0.0144651 0.000796182 1 300 0 9.35203e-05 0 0 0 0 0 0
42.51229846946       0.234375 2.7526 0.00944511 0.000867868 1 300 0 8.4644e-05 0 0 0 0 0 0
42.51229846946       0.265625 2.79136 -0.00274045 0.000921013 1 300 0 8.05929e-05 0 0 0 0 0 0
42.51229846946       0.296875 2.83568 -0.0100591 0.000955106 1 300 0 7.89552e-05 0 0 0 0 0 0
42.51229846946       0.328125 2.89439 -0.0054585 0.000970209 1 300 0 7.83376e-05 0 0 0 0 0 0
42.51229846946       0.359375 2.96658 0.00773783 0.000966941 1 300 0 7.76562e-05 0 0 0 0 0 0
42.51229846946       0.390625 3.04114 0.0171395 0.000946447 1 300 0 7.39289e-05 0 0 0 0 0 0
42.51229846946       0.421875 3.10755 0.0246898 0.000910345 1 300 0 6.99522e-05 0 0 0 0 0 0
42.51229846946       0.453125 3.17382 0.0335392 0.000860651 1 300 0 6.72825e-05 0 0 0 0 0 0
42.51229846946       0.484375 3.23739 0.0368997 0.000799697 1 300 0 6.22289e-05 0 0 0 0 0 0
42.51229846946       0.515625 3.28456 0.0273831 0.000730039 1 300 0 5.63837e-05 0 0 0 0 0 0
42.51229846946       0.546875 3.31536 0.0093716 0.000654357 1 300 0 5.2685e-05 0 0 0 0 0 0
42.51229846946       0.578125 3.34062 -0.00815226 0.000575348 1 300 0 5.12014e-05 0 0 0 0 0 0
42.51229846946       0.609375 3.36664 -0.0177722 0.000495626 1 300 0 4.95568e-05 0 0 0 0 0 0
42.51229846946       0.640625 3.39166 -0.0198104 0.000417626 1 300 0 4.78444e-05 0 0 0 0 0 0
42.51229846946       0.671875 3.41505 -0.020226 0.000343515 0.999999 300 0 4.56479e-05 0 0 0 0 0 0
42.51229846946       0.703125 3.43813 -0.0206957 0.000275119 0.999999 300 0 4.32896e-05 0 0 0 0 0 0
42.51229846946       0.734375 3.45939 -0.0201859 0.000213863 0.999999 300 0 4.17982e-05 0 0 0 0 0 0
42.51229846946       0.765625 3.47487 -0.0183825 0.000160728 0.999999 300 0 4.04926e-05 0 0 0 0 0 0
42.51229846946       0.796875 3.48434 -0.0145787 0.000116224 0.999999 300 0 3.91115e-05 0 0 0 0 0 0
42.51229846946       0.828125 3.48787 -0.00633965 8.03897e-05 0.999998 300 0 3.84832e-05 0 0 0 0 0 0
42.51229846946       0.859375 3.48844 0.0071294 5.28017e-05 0.999998 300 0 3.78159e-05 0 0 0 0 0 0
42.51229846946       0.890625 3.49813 0.0195391 3.26127e-05 0.999998 300 0 3.68692e-05 0 0 0 0 0 0
42.51229846946       0.921875 3.51773 0.028789 1.86006e-05 0.999998 300 0 3.78125e-05 0 0 0 0 0 0
42.51229846946       0.953125 3.54188 0.0379393 9.23424e-06 0.999998 300 0 4.0284e-05 0 0 0 0 0 0
42.51229846946       0.984375 3.57191 0.0390607 2.75205e-06 0.999998 300 0 3.6873e-05 0 0 0 0 0 0
45.01248303055       0.015625 0.813061 -0.00663666 6.41003e-05 1 300 0 0.000532303 0 0 0 0 0 0
45.01248303055       0.046875 1.87695 -0.00680939 0.000191091 1 300 0 0.000294414 0 0 0 0 0 0
45.01248303055       0.078125 2.25774 -0.0288315 0.000314523 1 300 0 0.000163665 0 0 0 0 0 0
45.01248303055       0.109375 2.44783 -0.0370099 0.000432158 1 300 0 0.000130551 0 0 0 0 0 0
45.01248303055       0.140625 2.55667 -0.00399529 0.000541894 1 300 0 0.000115471 0 0 0 0 0 0
45.01248303055       0.171875 2.6219 0.0341192 0.000641848 1 300 0 0.000105918 0 0 0 0 0 0
45.01248303055       0.203125 2.69812 0.0560271 0.000730418 1 300 0 9.76952e-05 0 0 0 0 0 0
45.01248303055       0.234375 2.77414 0.0560176 0.000806313 1 300 0 8.93378e-05 0 0 0 0 0 0
45.01248303055       0.265625 2.82974 0.0377969 0.00086857 1 300 0 8.35519e-05 0 0 0 0 0 0
45.01248303055       0.296875 2.87388 0.0138986 0.00091659 1 300 0 7.90994e-05 0 0 0 0 0 0
45.01248303055       0.328125 2.9128 -0.00974673 0.000950136 1 300 0 7.5645e-05 0 0 0 0 0 0
45.01248303055       0.359375 2.95125 -0.0292634 0.000969326 1 300 0 7.25883e-05 0 0 0 0 0 0
45.01248303055       0.390625 3.00161 -0.0350809 0.000974619 1 300 0 7.15673e-05 0 0 0 0 0 0
45.01248303055       0.421875 3.06505 -0.0258844 0.00096678 1 300 0 7.08233e-05 0 0 0 0 0 0
45.01248303055       0.453125 3.13314 -0.00759914 0.000946843 1 300 0 6.89322e-05 0 0 0 0 0 0
45.01248303055       0.484375 3.19988 0.00890863 0.000916067 1 300 0 6.47008e-05 0 0 0 0 0 0
45.01248303055       0.515625 3.2654 0.0164222 0.000875884 1 300 0 5.86827e-05 0 0 0 0 0 0
45.01248303055       0.546875 3.31872 0.0124316 0.000827839 1 300 0 5.31062e-05 0 0 0 0 0 0
45.01248303055       0.578125 3.35218 -2.72048e-05 0.000773532 1 300 0 4.95769e-05 0 0 0 0 0 0
45.01248303055       0.609375 3.37067 -0.0128489 0.000714554 1 300 0 4.6779e-05 0 0 0 0 0 0
45.01248303055       0.640625 3.38682 -0.0255181 0.000652437 1 300 0 4.44327e-05 0 0 0 0 0 0
45.01248303055       0.671875 3.40343 -0.0345504 0.000588598 1 300 0 4.32966e-05 0 0 0 0 0 0
45.01248303055       0.703125 3.41912 -0.0347794 0.000524297 1 300 0 4.26744e-05 0 0 0 0 0 0
45.01248303055       0.734375 3.43484 -0.0265042 0.000460597 1 300 0 4.14431e-05 0 0 0 0 0 0
45.01248303055       0.765625 3.44769 -0.0164959 0.000398338 0.999999 300 0 3.92028e-05 0 0 0 0 0 0
45.01248303055       0.796875 3.45542 -0.00935849 0.000338121 0.999999 300 0 3.82386e-05 0 0 0 0 0 0
45.01248303055       0.828125 3.46459 0.000324547 0.000280302 0.999999 300 0 3.85103e-05 0 0 0 0 0 0
45.01248303055       0.859375 3.47706 0.0158687 0.000224996 0.999999 300 0 3.80934e-05 0 0 0 0 0 0
45.01248303055       0.890625 3.49162 0.0341216 0.00017209 0.999999 300 0 3.63231e-05 0 0 0 0 0 0
45.01248303055       0.921875 3.50278 0.0443797 0.000121277 0.999999 300 0 3.44149e-05 0 0 0 0 0 0
45.01248303055       0.953125 3.51569 0.0419277 7.20828e-05 0.999999 300 0 3.67242e-05 0 0 0 0 0 0
45.01248303055       0.984375 3.54342 0.034218 2.3911e-05 0.999999 300 0 3.45665e-05 0 0 0 0 0 0
47.51289044551       0.015625 0.814952 0.00387845 3.43151e-05 0.999999 300 0 0.000532626 0 0 0 0 0 0
47.51289044551       0.046875 1.86556 0.0296002 0.000102905 0.999999 300 0 0.000302044 0 0 0 0 0 0
47.51289044551       0.078125 2.27651 0.0402079 0.000171398 0.999999 300 0 0.000179987 0 0 0 0 0 0
47.51289044551       0.109375 2.50934 0.0312924 0.000239711 0.999999 300 0 0.00013692 0 0 0 0 0 0
47.51289044551       0.140625 2.62293 0.0216327 0.000307683 0.999999 300 0 0.000112939 0 0 0 0 0 0
47.51289044551       0.171875 2.71572 0.0176035 0.000375088 0.999999 300 0 9.96535e-05 0 0 0 0 0 0
47.51289044551       0.203125 2.7784 0.000366394 0.000441612 0.999999 300 0 8.69084e-05 0 0 0 0 0 0
47.51289044551       0.234375 2.82594 -0.0202345 0.000506847 0.999999 300 0 7.96957e-05 0 0 0 0 0 0
47.51289044551       0.265625 2.86394 -0.0353791 0.000570281 1 300 0 7.63872e-05 0 0 0 0 0 0
47.51289044551       0.296875 2.89311 -0.0424353 0.000631301 1 300 0 7.54793e-05 0 0 0 0 0 0
47.51289044551       0.328125 2.93683 -0.0419667 0.000689202 1 300 0 7.33416e-05 0 0 0 0 0 0
47.51289044551       0.359375 2.9891 -0.0387938 0.000743192 1 300 0 6.93771e-05 0 0 0 0 0 0
47.51289044551       0.390625 3.03863 -0.0303694 0.000792412 1 300 0 6.59761e-05 0 0 0 0 0 0
47.51289044551       0.421875 3.08191 -0.0218602 0.000835963 1 300 0 6.35878e-05 0 0 0 0 0 0
47.51289044551       0.453125 3.12232 -0.0176865 0.000872922 1 300 0 6.21404e-05 0 0 0 0 0 0
47.51289044551       0.484375 3.16296 -0.0179352 0.000902369 1 300 0 6.02024e-05 0 0 0 0 0 0
47.51289044551       0.515625 3.20833 -0.0172355 0.000923425 1 300 0 5.79755e-05 0 0 0 0 0 0
47.51289044551       0.546875 3.25167 -0.0133788 0.000935278 1 300 0 5.39034e-05 0 0 0 0 0 0
47.51289044551       0.578125 3.2817 -0.0102695 0.00093722 1 300 0 4.99601e-05 0 0 0 0 0 0
47.51289044551       0.609375 3.30316 -0.00923436 0.000928672 1 300 0 4.83092e-05 0 0 0 0 0 0
47.51289044551       0.640625 3.32668 -0.00875483 0.000909216 1 300 0 4.77345e-05 0 0 0 0 0 0
47.51289044551       0.671875 3.35351 -0.00669601 0.000878611 1 300 0 4.64829e-05 0 0 0 0 0 0
47.51289044551       0.703125 3.38002 -0.00218578 0.000836818 1 300 0 4.41867e-05 0 0 0 0 0 0
47.51289044551       0.734375 3.40356 0.00578034 0.000784007 1 300 0 4.26297e-05 0 0 0 0 0 0
47.51289044551       0.765625 3.42467 0.0117407 0.000720569 1 300 0 4.11113e-05 0 0 0 0 0 0
47.51289044551       0.796875 3.45035 0.0169632 0.000647117 1 300 0 3.97428e-05 0 0 0 0 0 0
47.51289044551       0.828125 3.47964 0.0228051 0.00056448 1 300 0 3.74517e-05 0 0 0 0 0 0
47.51289044551       0.859375 3.50619 0.0274091 0.000473685 1 300 0 3.49078e-05 0 0 0 0 0 0
47.51289044551       0.890625 3.52323 0.0309545 0.000375945 1 300 0 3.19723e-05 0 0 0 0 0 0
47.51289044551       0.921875 3.52854 0.0365167 0.000272629 1 300 0 2.99968e-05 0 0 0 0 0 0
47.51289044551       0.953125 3.52877 0.0462589 0.000165234 1 300 0 3.04286e-05 0 0 0 0 0 0
47.51289044551       0.984375 3.54059 0.0592983 5.53561e-05 1 300 0 2.7342e-05 0 0 0 0 0 0
 50.0132678218       0.015625 0.803054 0.0029408 8.23727e-06 0.999998 300 0 0.000525225 0 0 0 0 0 0
 50.0132678218       0.046875 1.83938 0.000870848 2.53426e-05 0.999998 300 0 0.000294286 0 0 0 0 0 0
 50.0132678218       0.078125 2.23188 -0.0226279 4.43454e-05 0.999998 300 0 0.000177299 0 0 0 0 0 0
 50.0132678218       0.109375 2.48217 -0.0431034 6.6422e-05 0.999998 300 0 0.000142999 0 0 0 0 0 0
 50.0132678218       0.140625 2.65051 -0.047844 9.25633e-05 0.999998 300 0 0.000119074 0 0 0 0 0 0
 50.0132678218       0.171875 2.75977 -0.0439809 0.000123547 0.999998 300 0 0.000102952 0 0 0 0 0 0
 50.0132678218       0.203125 2.82935 -0.027241 0.000159885 0.999998 300 0 9.10653e-05 0 0 0 0 0 0
 50.0132678218       0.234375 2.87589 -0.00929228 0.000201778 0.999998 300 0 8.28384e-05 0 0 0 0 0 0
 50.0132678218       0.265625 2.91949 0.00875795 0.000249102 0.999999 300 0 7.84315e-05 0 0 0 0 0 0
 50.0132678218       0.296875 2.97005 0.0183243 0.000301405 0.999999 300 0 7.6061e-05 0 0 0 0 0 0
 50.0132678218       0.328125 3.02083 0.0215152 0.000357904 0.999999 300 0 7.23296e-05 0 0 0 0 0 0
 50.0132678218       0.359375 3.06254 0.018284 0.000417501 0.999999 300 0 6.8845e-05 0 0 0 0 0 0
 50.0132678218       0.390625 3.10075 0.0100727 0.000478813 0.999999 300 0 6.64846e-05 0 0 0 0 0 0
 50.0132678218       0.421875 3.14599 0.0023095 0.000540222 1 300 0 6.34582e-05 0 0 0 0 0 0
 50.0132678218       0.453125 3.18624 -0.00479056 0.000599931 1 300 0 5.97967e-05 0 0 0 0 0 0
 50.0132678218       0.484375 3.21278 -0.00998966 0.000656021 1 300 0 5.77083e-05 0 0 0 0 0 0
 50.0132678218       0.515625 3.2319 -0.0112574 0.000706523 1 300 0 5.52637e-05 0 0 0 0 0 0
 50.0132678218       0.546875 3.25181 -0.00969942 0.000749497 1 300 0 5.30752e-05 0 0 0 0 0 0
 50.0132678218       0.578125 3.27637 -0.00503489 0.000783099 1 300 0 5.21375e-05 0 0 0 0 0 0
 50.0132678218       0.609375 3.3022 0.00285898 0.000805661 1 300 0 5.08857e-05 0 0 0 0 0 0
 50.0132678218       0.640625 3.32745 0.0098406 0.000815758 1 300 0 4.87759e-05 0 0 0 0 0 0
 50.0132678218       0.671875 3.35122 0.0131243 0.000812265 1 300 0 4.66007e-05 0 0 0 0 0 0
 50.0132678218       0.703125 3.37044 0.0162235 0.000794407 1 300 0 4.47794e-05 0 0 0 0 0 0
 50.0132678218       0.734375 3.38487 0.0224649 0.000761801 1 300 0 4.35967e-05 0 0 0 0 0 0
 50.0132678218       0.765625 3.39511 0.0265457 0.000714475 1 300 0 4.14902e-05 0 0 0 0 0 0
 50.0132678218       0.796875 3.40458 0.0212317 0.000652884 1 300 0 3.9522e-05 0 0 0 0 0 0
 50.0132678218       0.828125 3.41663 0.00735906 0.000577905 1 300 0 3.90096e-05 0 0 0 0 0 0
 50.0132678218       0.859375 3.43286 -0.00275297 0.000490813 1 300 0 3.78666e-05 0 0 0 0 0 0
 50.0132678218       0.890625 3.44688 -0.00377635 0.000393255 1 300 0 3.6342e-05 0 0 0 0 0 0
 50.0132678218       0.921875 3.45361 0.00306408 0.0002872 1 300 0 3.67723e-05 0 0 0 0 0 0
 50.0132678218       0.953125 3.46044 0.0188127 0.000174879 1 300 0 3.99015e-05 0 0 0 0 0 0
 50.0132678218       0.984375 3.49854 0.0466289 5.87228e-05 1 300 0 3.74694e-05 0 0 0 0 0 0
