35.01073675528       0.015625 1.88426e-05 1.22678e-05 -0.0278565 -0.0003671 -7.87084e-05 0.000348258 0 0
35.01073675528       0.046875 0.00020188 1.1812e-05 -0.0105626 -0.000225073 -0.000259302 2.31927e-05 0 0
35.01073675528       0.078125 0.000159933 1.75266e-05 -0.00304277 -0.000108298 -0.000213216 -5.16354e-05 0 0
35.01073675528       0.109375 6.43751e-05 -7.59116e-06 -0.00149587 -3.59034e-05 5.23306e-05 -2.84717e-05 0 0
35.01073675528       0.140625 2.97729e-05 -1.62979e-05 -0.000719828 -1.82922e-05 0.000159021 -1.14807e-05 0 0
35.01073675528       0.171875 1.16148e-05 -2.14004e-05 -0.00046563 -3.43284e-05 0.000131672 2.27136e-05 0 0
35.01073675528       0.203125 6.9745e-06 -2.11561e-05 -0.00044317 -3.45092e-05 0.000113335 2.75347e-05 0 0
35.01073675528       0.234375 2.59656e-06 -1.77943e-05 -0.000504292 -3.36551e-05 0.000165555 3.10585e-05 0 0
35.01073675528       0.265625 -7.49367e-06 -1.86877e-05 -0.00053562 -3.22719e-05 0.000219548 3.97656e-05 0 0
35.01073675528       0.296875 1.84143e-07 -1.78295e-05 -0.00048629 -2.70411e-05 0.000198341 2.68569e-05 0 0
35.01073675528       0.328125 4.75827e-06 -1.64849e-05 -0.000402534 -2.84764e-05 9.29611e-05 2.37182e-05 0 0
35.01073675528       0.359375 6.74097e-06 -1.16165e-05 -0.000324621 -2.45781e-05 -3.96138e-05 1.78372e-05 0 0
35.01073675528       0.390625 5.92866e-06 -8.45844e-06 -0.000266813 -2.64922e-05 -0.000167094 2.05635e-05 0 0
35.01073675528       0.421875 3.7694e-06 -5.16206e-06 -0.000229234 -1.8601e-05 -0.00025373 1.48316e-05 0 0
35.01073675528       0.453125 -2.36759e-06 3.33367e-06 -0.000253838 -9.23602e-06 -0.000229639 1.16036e-05 0 0
35.01073675528       0.484375 -6.00858e-06 8.79013e-06 -0.000271003 -2.33151e-06 -0.000155846 8.34009e-06 0 0
35.01073675528       0.515625 -8.05205e-06 5.97615e-06 -0.000235937 1.75349e-06 -0.000102544 6.29856e-06 0 0
35.01073675528       0.546875 -6.32606e-06 -1.09061e-06 -0.000218524 1.78334e-06 -3.81793e-05 4.54272e-06 0 0
35.01073675528       0.578125 -5.89259e-06 -5.94718e-06 -0.000216621 1.8913e-06 3.86994e-05 4.00129e-06 0 0
35.01073675528       0.609375 -4.27096e-06 -8.2844e-06 -0.000204896 -1.46471e-07 8.83192e-05 4.41743e-06 0 0
35.01073675528       0.640625 -2.66115e-06 -7.71967e-06 -0.000199834 -2.99938e-06 9.38911e-05 5.66054e-06 0 0
35.01073675528       0.671875 -8.41213e-07 -5.16683e-06 -0.000194048 -3.99479e-06 7.9975e-05 4.836e-06 0 0
35.01073675528       0.703125 1.61936e-06 -4.04235e-07 -0.000169881 -4.12498e-06 4.54539e-05 2.50562e-06 0 0
35.01073675528       0.734375 2.50453e-06 3.81503e-06 -0.000145611 -1.13019e-06 -1.18946e-05 -1.37433e-06 0 0
35.01073675528       0.765625 -7.34005e-08 5.7629e-06 -0.00012995 8.85818e-07 -4.95283e-05 -8.12417e-07 0 0
35.01073675528       0.796875 -3.27128e-06 4.8238e-06 -0.000111393 1.45151e-06 -5.6633e-05 1.81977e-06 0 0
35.01073675528       0.828125 -3.75962e-06 3.00545e-06 -8.98663e-05 5.407e-07 -5.68183e-05 3.21892e-06 0 0
35.01073675528       0.859375 -2.606e-06 1.53575e-06 -7.56151e-05 -1.19547e-06 -4.5403e-05 3.80146e-06 0 0
35.01073675528       0.890625 -2.46332e-06 1.58475e-06 -7.93971e-05 -3.40553e-06 -1.4618e-05 5.86885e-06 0 0
35.01073675528       0.921875 -1.38258e-06 1.04662e-06 -9.56206e-05 -3.56627e-06 1.9349e-05 4.94884e-06 0 0
35.01073675528       0.953125 -5.30679e-07 1.07162e-07 -0.000113522 -3.67066e-06 2.75969e-05 4.20134e-06 0 0
35.01073675528       0.984375 -7.77182e-07 -6.29892e-07 -6.15446e-05 -1.22384e-06 1.03204e-05 2.00103e-06 0 0
37.51111358502       0.015625 3.21497e-05 -7.11899e-06 -0.0271682 -0.000366122 5.25102e-05 0.000333972 0 0
37.51111358502       0.046875 0.000183649 1.35942e-05 -0.0104284 -0.000153854 0.000102167 -2.97958e-05 0 0
37.51111358502       0.078125 0.000166355 3.48163e-05 -0.00322204 -0.0001182 0.000111787 -4.81548e-05 0 0
37.51111358502       0.109375 9.78685e-05 3.24777e-05 -0.00178561 -6.12374e-05 9.95505e-05 -3.66312e-05 0 0
37.51111358502       0.140625 5.99494e-05 4.76622e-06 -0.00103451 -3.58539e-05 7.64818e-05 -2.40955e-05 0 0
37.51111358502       0.171875 5.03501e-05 -1.46363e-05 -0.000662493 -2.49564e-05 6.85517e-05 -2.53936e-05 0 0
37.51111358502       0.203125 3.41803e-05 -9.9397e-06 -0.000500192 -2.5526e-05 3.47963e-05 -8.65427e-06 0 0
37.51111358502       0.234375 2.12671e-05 -1.05078e-05 -0.000369508 -3.00096e-05 -1.74861e-05 8.74248e-06 0 0
37.51111358502       0.265625 1.16036e-05 -1.08445e-05 -0.000322249 -2.43415e-05 -6.11083e-05 1.27379e-05 0 0
37.51111358502       0.296875 7.63494e-06 -1.16683e-05 -0.000283677 -4.807e-06 -5.91036e-05 -2.82794e-06 0 0
37.51111358502       0.328125 2.77205e-06 -6.46995e-07 -0.000257984 -4.97402e-06 -6.01778e-05 2.20197e-06 0 0
37.51111358502       0.359375 -9.396e-07 9.51207e-06 -0.00027757 -1.07841e-06 -9.56677e-05 2.01801e-06 0 0
37.51111358502       0.390625 -7.82885e-07 6.68752e-06 -0.000304743 -1.47492e-06 -0.000104465 2.25781e-06 0 0
37.51111358502       0.421875 -2.43005e-06 2.20863e-06 -0.000290498 -1.18756e-06 -6.91764e-05 3.61761e-06 0 0
37.51111358502       0.453125 -2.45191e-06 -1.64059e-06 -0.000256985 -1.34192e-06 -1.51711e-05 3.79382e-06 0 0
37.51111358502       0.484375 -8.71794e-07 -3.97325e-06 -0.000275325 -1.35659e-06 3.65983e-05 2.22839e-06 0 0
37.51111358502       0.515625 2.2311e-06 -3.16368e-06 -0.000323858 -3.84852e-06 6.51686e-05 1.61742e-06 0 0
37.51111358502       0.546875 1.09054e-06 -1.17012e-06 -0.000336065 -7.31905e-06 5.85795e-05 6.22851e-06 0 0
37.51111358502       0.578125 2.69588e-07 -4.86869e-07 -0.000289785 -9.03172e-06 9.81247e-06 8.76213e-06 0 0
37.51111358502       0.609375 -7.20034e-07 7.94012e-07 -0.000209197 -9.27483e-06 -6.38856e-05 9.99486e-06 0 0
37.51111358502       0.640625 -4.17063e-06 1.78789e-06 -0.000159902 -5.15586e-06 -9.9723e-05 9.32648e-06 0 0
37.51111358502       0.671875 -4.33155e-06 1.62515e-06 -0.000155819 -2.02215e-07 -6.46986e-05 4.53376e-06 0 0
37.51111358502       0.703125 -4.58355e-06 9.70418e-07 -0.00013655 3.77295e-06 -1.04997e-05 8.10601e-07 0 0
37.51111358502       0.734375 -3.54786e-06 1.89331e-06 -9.83177e-05 5.0614e-06 1.05007e-05 -1.51354e-06 0 0
37.51111358502       0.765625 -2.36048e-06 3.33939e-06 -7.36174e-05 2.16089e-06 8.8139e-06 1.99589e-07 0 0
37.51111358502       0.796875 -1.67899e-06 5.32278e-06 -6.75417e-05 -4.76619e-07 6.05802e-06 2.15561e-06 0 0
37.51111358502       0.828125 -7.2588e-07 6.34144e-06 -8.065e-05 -2.81479e-06 8.40178e-06 3.54067e-06 0 0
37.51111358502       0.859375 2.32565e-07 6.43059e-06 -0.000102173 -6.9687e-06 1.03209e-05 6.73613e-06 0 0
37.51111358502       0.890625 -1.03307e-06 5.58966e-06 -0.000108444 -7.6611e-06 8.27663e-06 8.69417e-06 0 0
37.51111358502       0.921875 -3.23708e-06 4.16384e-06 -0.000108676 -5.09624e-06 2.55077e-06 8.33331e-06 0 0
37.51111358502       0.953125 -4.15982e-06 2.85609e-06 -0.00015094 -6.8223e-06 -1.48659e-05 1.09821e-05 0 0
37.51111358502       0.984375 -3.51843e-06 1.22654e-06 -9.47898e-05 -5.58634e-06 -1.42233e-05 9.10477e-06 0 0
 40.0116650642       0.015625 2.98886e-05 -5.9904e-06 -0.0263412 -0.000401736 -0.000161297 0.000371847 0 0
 40.0116650642       0.046875 0.000216807 -5.09176e-05 -0.0100801 -0.000176634 9.12259e-05 -4.01725e-05 0 0
 40.0116650642       0.078125 0.000159548 -8.86374e-06 -0.00335645 -0.000111106 0.000187378 -4.84418e-05 0 0
 40.0116650642       0.109375 9.67594e-05 1.50051e-05 -0.00165793 -5.34484e-05 6.99856e-05 -4.3311e-05 0 0
 40.0116650642       0.140625 5.62346e-05 1.4623e-05 -0.000790636 -1.70307e-05 -2.35027e-06 -3.92039e-05 0 0
 40.0116650642       0.171875 4.24784e-05 1.35129e-05 -0.000621622 -3.09525e-05 -2.21019e-05 -1.15259e-05 0 0
 40.0116650642       0.203125 3.12146e-05 1.0893e-05 -0.000641488 -3.04153e-05 9.75067e-06 -7.99357e-07 0 0
 40.0116650642       0.234375 1.31784e-05 9.83745e-06 -0.00055817 -2.27349e-06 2.21773e-05 -1.09049e-05 0 0
 40.0116650642       0.265625 -1.39912e-06 4.17028e-06 -0.000466391 1.50875e-05 -1.89826e-05 -1.36884e-05 0 0
 40.0116650642       0.296875 -5.93251e-06 -1.00511e-06 -0.000400555 1.14916e-05 -5.13609e-05 -5.55906e-06 0 0
 40.0116650642       0.328125 -2.67633e-06 -4.7049e-06 -0.000334711 2.16065e-06 -5.18855e-05 5.15681e-07 0 0
 40.0116650642       0.359375 -2.9149e-07 -1.5082e-06 -0.000305741 -8.56582e-06 -2.8929e-05 8.85731e-06 0 0
 40.0116650642       0.390625 9.72276e-07 6.3488e-07 -0.000321109 -1.49042e-05 1.17366e-05 1.39319e-05 0 0
 40.0116650642       0.421875 2.42487e-06 -1.28657e-06 -0.000350503 -1.57214e-05 3.09696e-05 1.32965e-05 0 0
 40.0116650642       0.453125 -2.67244e-06 -3.11084e-06 -0.00034732 -1.23049e-05 1.25408e-06 1.49773e-05 0 0
 40.0116650642       0.484375 -5.87836e-06 -3.99885e-06 -0.000302658 -4.91813e-06 -4.82461e-05 1.07965e-05 0 0
 40.0116650642       0.515625 -6.11543e-06 -4.3984e-07 -0.000248957 -2.71195e-06 -6.29378e-05 8.82738e-06 0 0
 40.0116650642       0.546875 -5.89144e-06 8.98369e-07 -0.000228992 2.63104e-07 -2.50119e-05 5.62833e-06 0 0
 40.0116650642       0.578125 -7.5537e-06 -3.2491e-06 -0.000245601 2.98427e-07 2.35671e-05 7.25527e-06 0 0
 40.0116650642       0.609375 -4.86793e-06 -7.9906e-06 -0.000237314 -1.72779e-06 4.00731e-05 6.59573e-06 0 0
 40.0116650642       0.640625 5.85794e-07 -9.33088e-06 -0.000177104 -2.64514e-06 2.34748e-05 2.05935e-06 0 0
 40.0116650642       0.671875 3.46675e-06 -7.58439e-06 -0.000116741 -3.56939e-06 -1.80149e-06 1.02636e-07 0 0
 40.0116650642       0.703125 3.50028e-06 -5.06296e-06 -9.12183e-05 -3.83433e-06 -2.23499e-05 3.34054e-07 0 0
 40.0116650642       0.734375 1.10108e-06 -2.58968e-06 -8.73008e-05 -3.24391e-06 -2.61374e-05 2.14283e-06 0 0
 40.0116650642       0.765625 -2.7351e-07 -1.18698e-06 -7.8447e-05 -2.59038e-06 -1.63191e-05 2.86389e-06 0 0
 40.0116650642       0.796875 -1.56668e-08 6.07616e-08 -5.82169e-05 -1.94016e-06 -1.15341e-05 1.95583e-06 0 0
 40.0116650642       0.828125 1.91235e-07 1.68966e-06 -4.82156e-05 -1.585e-06 -1.9289e-05 1.39377e-06 0 0
 40.0116650642       0.859375 3.49546e-08 3.02622e-06 -5.3186e-05 -1.26256e-06 -2.8672e-05 1.22761e-06 0 0
 40.0116650642       0.890625 -3.57661e-07 2.99872e-06 -4.55719e-05 -5.17306e-08 -2.57859e-05 4.09392e-07 0 0
 40.0116650642       0.921875 -8.1704e-07 2.54863e-06 -3.15384e-05 6.95506e-07 -1.00485e-05 1.21534e-07 0 0
 40.0116650642       0.953125 -4.15947e-07 2.02131e-06 -7.25771e-05 -6.7026e-07 2.66152e-06 1.08621e-06 0 0
 40.0116650642       0.984375 3.4071e-07 1.23261e-06 -5.84655e-05 1.97858e-06 2.53774e-06 -2.31929e-06 0 0
42.51229846946       0.015625 2.87693e-05 -1.04391e-05 -0.0281751 -0.000450513 0.000862608 0.000421744 0 0
42.51229846946       0.046875 0.00024408 -2.79685e-05 -0.0106447 -0.000225414 0.000257231 -1.8666e-05 0 0
42.51229846946       0.078125 0.000216462 5.42849e-06 -0.00302116 -0.000124735 -0.000138549 -9.17265e-05 0 0
42.51229846946       0.109375 0.000155573 1.68913e-05 -0.0015245 -0.000106988 -0.000174138 -4.85845e-05 0 0
42.51229846946       0.140625 0.000108556 1.42042e-05 -0.00103858 -8.14451e-05 -0.000126841 -2.71113e-05 0 0
42.51229846946       0.171875 6.35887e-05 4.67944e-06 -0.000793766 -5.8267e-05 -7.35751e-05 -5.32176e-06 0 0
42.51229846946       0.203125 3.84014e-05 -5.4834e-06 -0.000537977 -3.5654e-05 -1.9542e-05 -2.7474e-06 0 0
42.51229846946       0.234375 3.14993e-05 -7.97488e-06 -0.000351181 -1.74185e-05 4.54197e-05 -1.40809e-05 0 0
42.51229846946       0.265625 2.57393e-05 -2.76037e-06 -0.000298663 -1.8099e-05 5.27639e-05 -7.64023e-06 0 0
42.51229846946       0.296875 2.20424e-05 4.0061e-06 -0.000351877 -3.32366e-05 -2.44598e-06 1.11942e-05 0 0
42.51229846946       0.328125 1.99091e-05 3.44435e-06 -0.000431198 -4.33733e-05 -6.65042e-05 2.34641e-05 0 0
42.51229846946       0.359375 1.6941e-05 1.80539e-06 -0.000483149 -4.56255e-05 -7.93697e-05 2.86845e-05 0 0
42.51229846946       0.390625 8.55151e-06 3.62349e-06 -0.000464242 -3.4201e-05 -5.75264e-05 2.56495e-05 0 0
42.51229846946       0.421875 -3.13162e-06 8.42823e-06 -0.000430269 -2.43085e-05 -5.71285e-05 2.74401e-05 0 0
42.51229846946       0.453125 -1.3057e-05 7.16018e-06 -0.000415484 -1.56592e-05 -5.295e-05 2.87161e-05 0 0
42.51229846946       0.484375 -1.00654e-05 3.05842e-06 -0.00035089 -1.38868e-05 9.94867e-07 2.39522e-05 0 0
42.51229846946       0.515625 -8.67741e-07 -2.85626e-06 -0.000237404 -7.72828e-06 7.18943e-05 8.59602e-06 0 0
42.51229846946       0.546875 7.20894e-07 -3.52793e-06 -0.000156365 -9.91078e-07 9.81573e-05 2.70184e-07 0 0
42.51229846946       0.578125 -1.97371e-06 1.86871e-06 -0.000140441 5.66288e-07 7.2249e-05 1.40742e-06 0 0
42.51229846946       0.609375 -4.11557e-06 4.34951e-06 -0.000145895 -3.88953e-06 2.91912e-05 8.00511e-06 0 0
42.51229846946       0.640625 -5.68615e-06 4.5692e-06 -0.000141468 -3.2782e-06 4.41537e-06 8.96435e-06 0 0
42.51229846946       0.671875 -7.00025e-06 3.30411e-06 -0.000131334 9.80597e-08 -1.07015e-08 6.90219e-06 0 0
42.51229846946       0.703125 -5.60191e-06 1.55137e-06 -0.000118324 1.00339e-06 -7.42353e-07 4.59852e-06 0 0
42.51229846946       0.734375 -4.93563e-06 -3.61445e-07 -9.54302e-05 1.91885e-06 -4.01192e-06 3.01678e-06 0 0
42.51229846946       0.765625 -3.80853e-06 -2.10871e-06 -6.77796e-05 1.46234e-06 -1.14023e-05 2.34619e-06 0 0
42.51229846946       0.796875 -2.66927e-06 -1.12055e-06 -3.88812e-05 -1.70046e-08 -2.89732e-05 2.68627e-06 0 0
42.51229846946       0.828125 -3.64634e-06 2.64127e-07 -1.42143e-05 6.49146e-07 -5.56633e-05 2.99719e-06 0 0
42.51229846946       0.859375 -5.20153e-06 2.30194e-06 -2.82258e-05 -1.5607e-06 -6.69102e-05 6.76223e-06 0 0
42.51229846946       0.890625 -2.93623e-06 2.97964e-06 -7.53697e-05 -2.84222e-06 -5.5207e-05 5.77845e-06 0 0
42.51229846946       0.921875 -3.12366e-06 1.89101e-06 -0.000112311 -6.83785e-06 -4.81429e-05 9.96151e-06 0 0
42.51229846946       0.953125 -4.85343e-06 9.38643e-07 -0.000137218 -9.97183e-06 -3.22022e-05 1.48253e-05 0 0
42.51229846946       0.984375 -4.62659e-06 3.32049e-06 -7.47375e-05 -1.35568e-05 -7.33345e-06 1.81834e-05 0 0
45.01248303055       0.015625 2.26551e-05 -9.29803e-06 -0.0284965 -0.000364708 0.000230276 0.000342053 0 0
45.01248303055       0.046875 0.000171395 -5.70447e-05 -0.0112392 -0.000182934 0.00011646 1.15393e-05 0 0
45.01248303055       0.078125 0.000149684 -4.1241e-05 -0.00307374 -0.000104576 0.000145378 -4.5108e-05 0 0
45.01248303055       0.109375 8.92618e-05 -5.50946e-06 -0.00137382 -3.72852e-05 -9.49968e-05 -5.19766e-05 0 0
45.01248303055       0.140625 6.53599e-05 8.31396e-06 -0.000770134 -1.80929e-05 -0.000275695 -4.72671e-05 0 0
45.01248303055       0.171875 5.57063e-05 8.53267e-06 -0.00058769 -2.23452e-05 -0.000230191 -3.33611e-05 0 0
45.01248303055       0.203125 3.03108e-05 -3.30679e-06 -0.000593177 -3.1354e-05 -8.00498e-05 1.04325e-06 0 0
45.01248303055       0.234375 1.24764e-05 -1.2535e-05 -0.000488961 -1.28524e-05 7.05203e-05 3.75948e-07 0 0
45.01248303055       0.265625 1.01557e-05 -8.38008e-06 -0.000343091 2.58178e-06 0.000153843 -1.27375e-05 0 0
45.01248303055       0.296875 9.82775e-06 -5.24982e-06 -0.000275004 -8.22425e-07 0.000165713 -9.00532e-06 0 0
45.01248303055       0.328125 8.82425e-06 -5.32244e-07 -0.00025424 -5.16521e-06 0.000137003 -3.65904e-06 0 0
45.01248303055       0.359375 8.40917e-06 2.28942e-06 -0.000289598 -8.63337e-07 6.78237e-05 -7.54584e-06 0 0
45.01248303055       0.390625 7.12467e-06 3.93034e-06 -0.000371245 2.45488e-06 -2.67026e-05 -9.57956e-06 0 0
45.01248303055       0.421875 6.36281e-06 7.70802e-07 -0.000425671 -8.92477e-06 -9.91974e-05 2.56197e-06 0 0
45.01248303055       0.453125 6.8116e-06 1.74451e-06 -0.000422569 -1.22645e-05 -0.000116454 5.45285e-06 0 0
45.01248303055       0.484375 4.69806e-06 7.09584e-06 -0.000396834 -1.3545e-05 -8.17708e-05 8.84696e-06 0 0
45.01248303055       0.515625 2.82312e-06 8.51565e-06 -0.000345253 -9.68851e-06 -2.14954e-05 6.86539e-06 0 0
45.01248303055       0.546875 -4.49728e-07 6.15318e-06 -0.000245224 -7.55206e-06 3.80418e-05 8.00179e-06 0 0
45.01248303055       0.578125 -1.66369e-06 4.64691e-06 -0.00013967 -5.19611e-06 6.50461e-05 6.8598e-06 0 0
45.01248303055       0.609375 -2.09838e-07 4.45191e-06 -8.70946e-05 -3.02522e-06 6.48178e-05 3.23506e-06 0 0
45.01248303055       0.640625 9.27548e-07 4.07348e-06 -8.1027e-05 -4.05547e-07 5.36773e-05 -5.22001e-07 0 0
45.01248303055       0.671875 -4.18607e-07 2.84791e-06 -7.90863e-05 2.34592e-06 1.97928e-05 -1.92732e-06 0 0
45.01248303055       0.703125 -3.035e-06 2.56671e-06 -7.75595e-05 4.83633e-06 -2.62928e-05 -1.80133e-06 0 0
45.01248303055       0.734375 -4.45468e-06 2.94974e-06 -7.42672e-05 3.02257e-06 -5.11326e-05 1.43212e-06 0 0
45.01248303055       0.765625 -3.18031e-06 2.70818e-06 -5.63789e-05 3.67142e-06 -4.37694e-05 -4.91111e-07 0 0
45.01248303055       0.796875 -3.05609e-06 1.49657e-06 -4.81642e-05 8.06118e-06 -4.01613e-05 -5.00509e-06 0 0
45.01248303055       0.828125 -2.28416e-06 1.29928e-06 -6.08464e-05 6.72104e-06 -6.08292e-05 -4.43688e-06 0 0
45.01248303055       0.859375 -8.99741e-07 6.76684e-07 -7.10195e-05 2.92892e-06 -8.17359e-05 -2.02918e-06 0 0
45.01248303055       0.890625 -2.14147e-06 -5.8178e-08 -6.46559e-05 8.20462e-07 -6.88674e-05 1.321e-06 0 0
45.01248303055       0.921875 -1.32418e-06 -3.33802e-07 -6.0325e-05 -8.92256e-07 -2.08811e-05 2.21643e-06 0 0
45.01248303055       0.953125 -1.50884e-06 -1.32213e-06 -9.91063e-05 -4.24781e-06 2.11997e-05 5.75665e-06 0 0
45.01248303055       0.984375 -3.91273e-07 -9.35968e-08 -6.65026e-05 -2.60306e-06 1.72486e-05 2.99433e-06 0 0
47.51289044551       0.015625 3.25775e-05 -1.2843e-05 -0.0286087 -0.000392136 -0.000203339 0.000359558 0 0
47.51289044551       0.046875 0.000231756 -3.19614e-05 -0.011513 -0.000223187 -0.00026923 -8.56941e-06 0 0
47.51289044551       0.078125 0.000180741 -3.64625e-05 -0.00361505 -0.000110795 -5.92377e-06 -6.99456e-05 0 0
47.51289044551       0.109375 0.000103739 -2.36706e-05 -0.00165973 -3.21244e-05 8.50413e-05 -7.16144e-05 0 0
47.51289044551       0.140625 5.21885e-05 -3.57365e-06 -0.000911985 -1.82622e-05 5.27813e-05 -3.39263e-05 0 0
47.51289044551       0.171875 2.45226e-05 -4.33584e-06 -0.000634878 -3.0244e-05 5.7904e-05 5.72143e-06 0 0
47.51289044551       0.203125 2.0129e-05 -1.17738e-06 -0.000408102 -1.89423e-05 0.000105362 -1.18661e-06 0 0
47.51289044551       0.234375 1.33669e-05 -2.98024e-06 -0.000298911 -6.79919e-06 0.000100038 -6.56769e-06 0 0
47.51289044551       0.265625 4.51221e-06 -7.21856e-06 -0.000238725 8.646e-06 6.65276e-05 -1.31582e-05 0 0
47.51289044551       0.296875 2.96276e-06 -1.07766e-05 -0.000270111 -1.52423e-06 2.38264e-05 -1.43853e-06 0 0
47.51289044551       0.328125 5.57538e-06 -1.09125e-05 -0.000340407 -1.61933e-05 -6.83436e-06 1.06179e-05 0 0
47.51289044551       0.359375 -9.30659e-07 -7.3224e-06 -0.000332812 -1.06992e-05 -3.61312e-05 1.16299e-05 0 0
47.51289044551       0.390625 -8.06379e-06 -2.72084e-06 -0.000284511 8.86612e-07 -5.41744e-05 7.17717e-06 0 0
47.51289044551       0.421875 -1.26904e-05 -7.33592e-07 -0.000248751 2.91819e-06 -3.54546e-05 9.77217e-06 0 0
47.51289044551       0.453125 -1.60555e-05 -3.8737e-07 -0.000236952 4.85594e-06 -7.02275e-06 1.11996e-05 0 0
47.51289044551       0.484375 -1.53575e-05 2.23894e-07 -0.000251399 4.04294e-06 3.23341e-07 1.13145e-05 0 0
47.51289044551       0.515625 -1.43602e-05 -1.52287e-06 -0.00025348 2.17403e-06 -1.15415e-05 1.21861e-05 0 0
47.51289044551       0.546875 -1.11205e-05 -2.25066e-06 -0.000198881 6.15074e-06 -1.53874e-05 4.96977e-06 0 0
47.51289044551       0.578125 -6.36225e-06 -1.12974e-06 -0.000135344 1.00371e-05 -5.74936e-06 -3.67488e-06 0 0
47.51289044551       0.609375 -6.16006e-06 -1.306e-06 -0.000119003 6.32078e-06 1.0599e-06 -1.60723e-07 0 0
47.51289044551       0.640625 -6.3845e-06 -3.99969e-07 -0.000133103 4.28899e-06 -4.84646e-06 2.09551e-06 0 0
47.51289044551       0.671875 -6.70183e-06 5.3263e-07 -0.000138598 3.55499e-06 -1.93293e-05 3.14683e-06 0 0
47.51289044551       0.703125 -5.21131e-06 8.17545e-07 -0.000128822 -1.23777e-06 -3.72906e-05 6.44907e-06 0 0
47.51289044551       0.734375 -4.02787e-06 1.48362e-06 -0.000118402 -5.16368e-06 -4.08538e-05 9.19154e-06 0 0
47.51289044551       0.765625 -3.9564e-06 3.98812e-07 -0.000127451 -7.9698e-06 -2.96775e-05 1.19262e-05 0 0
47.51289044551       0.796875 -4.44258e-06 -4.33943e-07 -0.000147675 -9.59524e-06 -2.5899e-05 1.40378e-05 0 0
47.51289044551       0.828125 -5.1879e-06 4.53497e-07 -0.000147522 -7.86172e-06 -2.36774e-05 1.30496e-05 0 0
47.51289044551       0.859375 -7.05217e-06 6.06133e-07 -0.000114347 -5.24044e-06 -1.74443e-05 1.22926e-05 0 0
47.51289044551       0.890625 -4.95334e-06 3.0415e-08 -5.79191e-05 -1.32335e-06 -1.89242e-05 6.27669e-06 0 0
47.51289044551       0.921875 -1.85788e-06 2.51704e-07 -1.39944e-05 7.93268e-07 -3.39856e-05 1.06461e-06 0 0
47.51289044551       0.953125 -1.45437e-06 1.69892e-06 -2.72837e-05 7.40792e-07 -5.06886e-05 7.13577e-07 0 0
47.51289044551       0.984375 -1.33909e-06 -5.0524e-07 -2.67338e-05 3.24807e-06 -2.85425e-05 -1.90898e-06 0 0
 50.0132678218       0.015625 3.26328e-05 3.46282e-06 -0.0278352 -0.000386582 -7.14352e-05 0.000353949 0 0
 50.0132678218       0.046875 0.000181191 -4.79769e-06 -0.0110572 -0.00018596 0.000158774 4.76969e-06 0 0
 50.0132678218       0.078125 0.000156528 -4.87226e-06 -0.00350493 -8.06592e-05 0.000234645 -7.58693e-05 0 0
 50.0132678218       0.109375 9.50388e-05 -1.66256e-05 -0.00196567 -5.84796e-05 0.000115673 -3.65592e-05 0 0
 50.0132678218       0.140625 5.7248e-05 -3.60712e-05 -0.00118868 -3.17107e-05 2.18175e-05 -2.55373e-05 0 0
 50.0132678218       0.171875 4.49925e-05 -2.0999e-05 -0.000706445 -1.78557e-05 -5.29515e-05 -2.71368e-05 0 0
 50.0132678218       0.203125 2.51935e-05 -3.72359e-06 -0.000432344 -8.56674e-06 -0.000106253 -1.66268e-05 0 0
 50.0132678218       0.234375 2.21059e-05 -2.5296e-06 -0.000321664 -7.74521e-06 -0.000108087 -1.43607e-05 0 0
 50.0132678218       0.265625 2.16228e-05 -6.7556e-06 -0.000342972 -1.54414e-05 -7.41473e-05 -6.18137e-06 0 0
 50.0132678218       0.296875 9.15701e-06 -1.03609e-05 -0.000364488 -1.5427e-05 -2.53693e-05 6.26999e-06 0 0
 50.0132678218       0.328125 5.65252e-06 -7.12142e-06 -0.000315941 -7.60252e-06 3.67856e-06 1.95e-06 0 0
 50.0132678218       0.359375 2.95287e-06 -3.01251e-07 -0.000261763 -1.00927e-05 2.54551e-05 7.13984e-06 0 0
 50.0132678218       0.390625 -7.08708e-08 6.57293e-06 -0.000264439 -8.33849e-06 3.1289e-05 8.40936e-06 0 0
 50.0132678218       0.421875 -3.40993e-07 7.75179e-06 -0.00026116 -8.55184e-06 2.82452e-05 8.89283e-06 0 0
 50.0132678218       0.453125 3.13635e-06 6.86185e-06 -0.00019693 -4.10376e-06 2.42966e-05 9.67401e-07 0 0
 50.0132678218       0.484375 5.61026e-06 5.70296e-06 -0.000134705 -5.30417e-07 9.45751e-06 -5.07985e-06 0 0
 50.0132678218       0.515625 4.72339e-06 4.06436e-06 -0.00011481 7.62928e-08 -8.36012e-06 -4.79968e-06 0 0
 50.0132678218       0.546875 3.93957e-06 4.46063e-06 -0.000127293 -2.65231e-06 -2.13731e-05 -1.28726e-06 0 0
 50.0132678218       0.578125 2.76009e-06 5.50792e-06 -0.000143775 -5.0485e-06 -3.49838e-05 2.28841e-06 0 0
 50.0132678218       0.609375 2.52887e-06 4.79663e-06 -0.000145364 -5.32786e-06 -3.90083e-05 2.79899e-06 0 0
 50.0132678218       0.640625 1.02294e-06 2.29679e-06 -0.000138136 -4.50539e-06 -2.46709e-05 3.48245e-06 0 0
 50.0132678218       0.671875 -1.67312e-06 1.25801e-06 -0.000122152 -2.9718e-06 -1.39931e-05 4.64492e-06 0 0
 50.0132678218       0.703125 -3.83257e-06 2.13146e-06 -9.81766e-05 -2.34751e-06 -2.3697e-05 6.18008e-06 0 0
 50.0132678218       0.734375 -6.62178e-06 3.0911e-06 -7.20717e-05 -1.43168e-06 -2.73134e-05 8.05346e-06 0 0
 50.0132678218       0.765625 -8.41388e-06 4.08362e-06 -5.30088e-05 -2.44053e-09 3.41051e-06 8.41632e-06 0 0
 50.0132678218       0.796875 -8.3509e-06 5.61208e-06 -5.25153e-05 9.86835e-07 5.0521e-05 7.36406e-06 0 0
 50.0132678218       0.828125 -8.65261e-06 5.95711e-06 -6.72414e-05 1.68451e-07 6.38954e-05 8.48416e-06 0 0
 50.0132678218       0.859375 -7.35044e-06 5.13006e-06 -7.03193e-05 5.01468e-08 3.19212e-05 7.30029e-06 0 0
 50.0132678218       0.890625 -4.06943e-06 3.11805e-06 -4.59346e-05 1.12827e-06 -1.09135e-05 2.94116e-06 0 0
 50.0132678218       0.921875 -2.95288e-06 1.68241e-06 -3.02769e-05 8.09762e-08 -5.25537e-05 2.8719e-06 0 0
 50.0132678218       0.953125 -1.58165e-06 9.51265e-07 -0.000115476 -3.48898e-06 -0.000103683 5.07063e-06 0 0
 50.0132678218       0.984375 -1.86128e-06 -3.83065e-07 -9.94006e-05 -4.65199e-06 -6.64832e-05 6.51326e-06 0 0
